   1.5531046e+01   1.0157516e+01   6.1375299e+00
   1.5538766e+01   1.0173998e+01   6.1271264e+00
   1.5554206e+01   1.0206964e+01   6.1063191e+00
   1.5575628e+01   1.0255332e+01   6.0735920e+00
   1.5594368e+01   1.0302281e+01   6.0381683e+00
   1.5610145e+01   1.0347866e+01   5.9995333e+00
   1.5623172e+01   1.0392137e+01   5.9576941e+00
   1.5634055e+01   1.0434820e+01   5.9131001e+00
   1.5643522e+01   1.0475099e+01   5.8663767e+00
   1.5652270e+01   1.0511863e+01   5.8179184e+00
   1.5660872e+01   1.0544153e+01   5.7677335e+00
   1.5669647e+01   1.0571406e+01   5.7155660e+00
   1.5678701e+01   1.0593524e+01   5.6611474e+00
   1.5687923e+01   1.0610757e+01   5.6044303e+00
   1.5696935e+01   1.0623515e+01   5.5455138e+00
   1.5705397e+01   1.0632367e+01   5.4847506e+00
   1.5712874e+01   1.0637778e+01   5.4226812e+00
   1.5718708e+01   1.0639900e+01   5.3636398e+00
   1.5721707e+01   1.0639578e+01   5.3253960e+00
   1.5722910e+01   1.0639087e+01   5.3081739e+00
   1.5723173e+01   1.0638980e+01   5.3044066e+00
   1.5724855e+01   1.0638167e+01   5.2796543e+00
   1.5727400e+01   1.0635345e+01   5.2340070e+00
   1.5729687e+01   1.0628231e+01   5.1719244e+00
   1.5730584e+01   1.0617550e+01   5.1107547e+00
   1.5729868e+01   1.0603209e+01   5.0501715e+00
   1.5727439e+01   1.0585607e+01   4.9899189e+00
   1.5723099e+01   1.0565235e+01   4.9301281e+00
   1.5716780e+01   1.0542589e+01   4.8711184e+00
   1.5708405e+01   1.0517877e+01   4.8134405e+00
   1.5697948e+01   1.0490875e+01   4.7574111e+00
   1.5685506e+01   1.0461222e+01   4.7028618e+00
   1.5671511e+01   1.0428755e+01   4.6493302e+00
   1.5656687e+01   1.0393836e+01   4.5966415e+00
   1.5641615e+01   1.0357045e+01   4.5454378e+00
   1.5626269e+01   1.0318610e+01   4.4964534e+00
   1.5610166e+01   1.0278699e+01   4.4501493e+00
   1.5594687e+01   1.0242438e+01   4.4119854e+00
   1.5584128e+01   1.0219357e+01   4.3896270e+00
   1.5579850e+01   1.0210249e+01   4.3810947e+00
   1.5577454e+01   1.0205148e+01   4.3763165e+00
   1.5568202e+01   1.0185729e+01   4.3584670e+00
   1.5550902e+01   1.0151262e+01   4.3290301e+00
   1.5526744e+01   1.0105607e+01   4.2942097e+00
   1.5500827e+01   1.0057880e+01   4.2614722e+00
   1.5473633e+01   1.0008279e+01   4.2302749e+00
   1.5445726e+01   9.9575079e+00   4.2003791e+00
   1.5417557e+01   9.9063814e+00   4.1721517e+00
   1.5389301e+01   9.8553084e+00   4.1462962e+00
   1.5360986e+01   9.8042059e+00   4.1234078e+00
   1.5332579e+01   9.7526094e+00   4.1038611e+00
   1.5303893e+01   9.7000778e+00   4.0876326e+00
   1.5274809e+01   9.6464104e+00   4.0745136e+00
   1.5245285e+01   9.5917156e+00   4.0642158e+00
   1.5215267e+01   9.5363997e+00   4.0565876e+00
   1.5184606e+01   9.4809021e+00   4.0515677e+00
   1.5153110e+01   9.4256119e+00   4.0491083e+00
   1.5126474e+01   9.3806806e+00   4.0491522e+00
   1.5110313e+01   9.3542905e+00   4.0500665e+00
   1.5105177e+01   9.3459894e+00   4.0504443e+00
   1.5099185e+01   9.3363048e+00   4.0508850e+00
   1.5081941e+01   9.3087613e+00   4.0524908e+00
   1.5052950e+01   9.2639962e+00   4.0567848e+00
   1.5018123e+01   9.2123368e+00   4.0644565e+00
   1.4983264e+01   9.1621206e+00   4.0748293e+00
   1.4949058e+01   9.1133180e+00   4.0882223e+00
   1.4916124e+01   9.0656020e+00   4.1051065e+00
   1.4884759e+01   9.0183769e+00   4.1257019e+00
   1.4854836e+01   8.9713212e+00   4.1500988e+00
   1.4825962e+01   8.9242524e+00   4.1782064e+00
   1.4797599e+01   8.8770961e+00   4.2097223e+00
   1.4769291e+01   8.8298656e+00   4.2440138e+00
   1.4740845e+01   8.7828285e+00   4.2802939e+00
   1.4712424e+01   8.7365140e+00   4.3178258e+00
   1.4684265e+01   8.6915830e+00   4.3563182e+00
   1.4656370e+01   8.6486120e+00   4.3957312e+00
   1.4628681e+01   8.6080515e+00   4.4363629e+00
   1.4607675e+01   8.5791224e+00   4.4684928e+00
   1.4595920e+01   8.5635278e+00   4.4870666e+00
   1.4593338e+01   8.5601275e+00   4.4911797e+00
   1.4586765e+01   8.5514722e+00   4.5016494e+00
   1.4571093e+01   8.5312347e+00   4.5271178e+00
   1.4546712e+01   8.5008150e+00   4.5692111e+00
   1.4520500e+01   8.4686779e+00   4.6182849e+00
   1.4494894e+01   8.4374515e+00   4.6695920e+00
   1.4470012e+01   8.4071908e+00   4.7224325e+00
   1.4446019e+01   8.3781057e+00   4.7763660e+00
   1.4423050e+01   8.3503924e+00   4.8311602e+00
   1.4401142e+01   8.3243457e+00   4.8866649e+00
   1.4380116e+01   8.3003815e+00   4.9428973e+00
   1.4359625e+01   8.2788189e+00   4.9999724e+00
   1.4339481e+01   8.2597849e+00   5.0580044e+00
   1.4319703e+01   8.2432741e+00   5.1168865e+00
   1.4300395e+01   8.2293763e+00   5.1766018e+00
   1.4281510e+01   8.2179456e+00   5.2372778e+00
   1.4263203e+01   8.2086688e+00   5.2988375e+00
   1.4245767e+01   8.2013255e+00   5.3612462e+00
   1.4234206e+01   8.1973235e+00   5.4056146e+00
   1.4228306e+01   8.1955146e+00   5.4290138e+00
   1.4227758e+01   8.1953488e+00   5.4311916e+00
   1.4222968e+01   8.1938985e+00   5.4502469e+00
   1.4213062e+01   8.1912399e+00   5.4907103e+00
   1.4198518e+01   8.1885568e+00   5.5527509e+00
   1.4184010e+01   8.1874458e+00   5.6170637e+00
   1.4170033e+01   8.1881153e+00   5.6813057e+00
   1.4156660e+01   8.1907060e+00   5.7453218e+00
   1.4144022e+01   8.1953517e+00   5.8089578e+00
   1.4132309e+01   8.2022480e+00   5.8721995e+00
   1.4121550e+01   8.2114793e+00   5.9352308e+00
   1.4111524e+01   8.2229786e+00   5.9981268e+00
   1.4101916e+01   8.2366475e+00   6.0606942e+00
   1.4092708e+01   8.2525071e+00   6.1226817e+00
   1.4084167e+01   8.2706398e+00   6.1841362e+00
   1.4076619e+01   8.2908653e+00   6.2452291e+00
   1.4070397e+01   8.3128896e+00   6.3058714e+00
   1.4065765e+01   8.3366406e+00   6.3658686e+00
   1.4062846e+01   8.3615342e+00   6.4236249e+00
   1.4061834e+01   8.3790341e+00   6.4610693e+00
   1.4061531e+01   8.3877005e+00   6.4788622e+00
   1.4061506e+01   8.3884227e+00   6.4803449e+00
   1.4061171e+01   8.3985594e+00   6.5010858e+00
   1.4061001e+01   8.4188097e+00   6.5406010e+00
   1.4061823e+01   8.4501677e+00   6.5960209e+00
   1.4063373e+01   8.4839187e+00   6.6496544e+00
   1.4065230e+01   8.5203098e+00   6.7015519e+00
   1.4067118e+01   8.5592809e+00   6.7518450e+00
   1.4069082e+01   8.6006247e+00   6.8005610e+00
   1.4071332e+01   8.6439996e+00   6.8477572e+00
   1.4074346e+01   8.6891381e+00   6.8936433e+00
   1.4078610e+01   8.7356094e+00   6.9386829e+00
   1.4084426e+01   8.7828246e+00   6.9831394e+00
   1.4091880e+01   8.8303159e+00   7.0267645e+00
   1.4100990e+01   8.8777399e+00   7.0689925e+00
   1.4111966e+01   8.9251770e+00   7.1091380e+00
   1.4125004e+01   8.9732633e+00   7.1467804e+00
   1.4139973e+01   9.0226411e+00   7.1819687e+00
   1.4155197e+01   9.0689341e+00   7.2119775e+00
   1.4165638e+01   9.0987199e+00   7.2297345e+00
   1.4170214e+01   9.1114749e+00   7.2370371e+00
   1.4171792e+01   9.1158732e+00   7.2395552e+00
   1.4179595e+01   9.1374553e+00   7.2517365e+00
   1.4194210e+01   9.1764579e+00   7.2721723e+00
   1.4214226e+01   9.2291309e+00   7.2960097e+00
   1.4233647e+01   9.2831442e+00   7.3165687e+00
   1.4251333e+01   9.3389649e+00   7.3340033e+00
   1.4266916e+01   9.3970997e+00   7.3485485e+00
   1.4280875e+01   9.4577888e+00   7.3606938e+00
   1.4294123e+01   9.5204703e+00   7.3711353e+00
   1.4307547e+01   9.5838952e+00   7.3803410e+00
   1.4321803e+01   9.6470496e+00   7.3884987e+00
   1.4337324e+01   9.7095205e+00   7.3959032e+00
   1.4354217e+01   9.7712889e+00   7.4028701e+00
   1.4372612e+01   9.8325641e+00   7.4091292e+00
   1.4392646e+01   9.8935308e+00   7.4142192e+00
   1.4414133e+01   9.9541462e+00   7.4177301e+00
   1.4436595e+01   1.0014217e+01   7.4191463e+00
   1.4456188e+01   1.0064956e+01   7.4181266e+00
   1.4468190e+01   1.0095690e+01   7.4162737e+00
   1.4472523e+01   1.0106764e+01   7.4154437e+00
   1.4475870e+01   1.0115322e+01   7.4148023e+00
   1.4486907e+01   1.0143492e+01   7.4123713e+00
   1.4505653e+01   1.0191326e+01   7.4064546e+00
   1.4528880e+01   1.0250986e+01   7.3967206e+00
   1.4552038e+01   1.0311537e+01   7.3854829e+00
   1.4574708e+01   1.0372538e+01   7.3732719e+00
   1.4596360e+01   1.0433276e+01   7.3602317e+00
   1.4616499e+01   1.0493053e+01   7.3460207e+00
   1.4635001e+01   1.0551514e+01   7.3301877e+00
   1.4652567e+01   1.0608455e+01   7.3123956e+00
   1.4670642e+01   1.0663501e+01   7.2925199e+00
   1.4690535e+01   1.0716482e+01   7.2703947e+00
   1.4712567e+01   1.0767744e+01   7.2458434e+00
   1.4736079e+01   1.0817793e+01   7.2185572e+00
   1.4759930e+01   1.0867126e+01   7.1883028e+00
   1.4783196e+01   1.0916127e+01   7.1551755e+00
   1.4805399e+01   1.0964859e+01   7.1194642e+00
   1.4822141e+01   1.1003223e+01   7.0892922e+00
   1.4831510e+01   1.1025239e+01   7.0711659e+00
   1.4834085e+01   1.1031332e+01   7.0660851e+00
   1.4838205e+01   1.1041081e+01   7.0579558e+00
   1.4848836e+01   1.1066521e+01   7.0363095e+00
   1.4865259e+01   1.1106951e+01   7.0000106e+00
   1.4883043e+01   1.1152411e+01   6.9565005e+00
   1.4900092e+01   1.1197389e+01   6.9112562e+00
   1.4916760e+01   1.1242098e+01   6.8648649e+00
   1.4933244e+01   1.1286376e+01   6.8179804e+00
   1.4949674e+01   1.1329929e+01   6.7708208e+00
   1.4966101e+01   1.1372502e+01   6.7234768e+00
   1.4982419e+01   1.1413451e+01   6.6757871e+00
   1.4998403e+01   1.1452163e+01   6.6273496e+00
   1.5013793e+01   1.1488286e+01   6.5777237e+00
   1.5028670e+01   1.1521653e+01   6.5264670e+00
   1.5043435e+01   1.1552332e+01   6.4734287e+00
   1.5058456e+01   1.1580399e+01   6.4187459e+00
   1.5073730e+01   1.1605870e+01   6.3625663e+00
   1.5088884e+01   1.1628811e+01   6.3049713e+00
   1.5099604e+01   1.1643888e+01   6.2616453e+00
   1.5105264e+01   1.1651576e+01   6.2376342e+00
   1.5106222e+01   1.1652869e+01   6.2335377e+00
   1.5109933e+01   1.1657880e+01   6.2176636e+00
   1.5118114e+01   1.1668671e+01   6.1814963e+00
   1.5130138e+01   1.1683880e+01   6.1241039e+00
   1.5142137e+01   1.1698698e+01   6.0615143e+00
   1.5153215e+01   1.1712376e+01   5.9983911e+00
   1.5163562e+01   1.1724860e+01   5.9352846e+00
   1.5173558e+01   1.1735537e+01   5.8725786e+00
   1.5183353e+01   1.1743781e+01   5.8102043e+00
   1.5192558e+01   1.1749443e+01   5.7477995e+00
   1.5200620e+01   1.1752655e+01   5.6846923e+00
   1.5207378e+01   1.1754204e+01   5.6203899e+00
   1.5212846e+01   1.1754510e+01   5.5551826e+00
   1.5217079e+01   1.1753630e+01   5.4897719e+00
   1.5220201e+01   1.1751207e+01   5.4247073e+00
   1.5222610e+01   1.1746823e+01   5.3603147e+00
   1.5224759e+01   1.1740040e+01   5.2967724e+00
   1.5226757e+01   1.1730742e+01   5.2340399e+00
   1.5227785e+01   1.1722892e+01   5.1921207e+00
   1.5228138e+01   1.1718584e+01   5.1709710e+00
   1.5228146e+01   1.1718476e+01   5.1704423e+00
   1.5228477e+01   1.1714376e+01   5.1503518e+00
   1.5228837e+01   1.1705457e+01   5.1097763e+00
   1.5228046e+01   1.1690040e+01   5.0486744e+00
   1.5225861e+01   1.1672620e+01   4.9866362e+00
   1.5222456e+01   1.1653509e+01   4.9243053e+00
   1.5217999e+01   1.1632745e+01   4.8618663e+00
   1.5212640e+01   1.1610580e+01   4.7994001e+00
   1.5206429e+01   1.1587347e+01   4.7372099e+00
   1.5199296e+01   1.1563205e+01   4.6756300e+00
   1.5191124e+01   1.1538161e+01   4.6148511e+00
   1.5181865e+01   1.1512144e+01   4.5550066e+00
   1.5171593e+01   1.1484966e+01   4.4962681e+00
   1.5160459e+01   1.1456232e+01   4.4387102e+00
   1.5148602e+01   1.1425682e+01   4.3822313e+00
   1.5136079e+01   1.1393279e+01   4.3267577e+00
   1.5122863e+01   1.1359095e+01   4.2721813e+00
   1.5109595e+01   1.1325248e+01   4.2211359e+00
   1.5100523e+01   1.1302713e+01   4.1885733e+00
   1.5096260e+01   1.1292290e+01   4.1738126e+00
   1.5095484e+01   1.1290395e+01   4.1711288e+00
   1.5089645e+01   1.1276158e+01   4.1510411e+00
   1.5078372e+01   1.1249269e+01   4.1141431e+00
   1.5061690e+01   1.1211065e+01   4.0645688e+00
   1.5043977e+01   1.1171959e+01   4.0168929e+00
   1.5025213e+01   1.1131748e+01   3.9707678e+00
   1.5005400e+01   1.1090507e+01   3.9257184e+00
   1.4984545e+01   1.1048082e+01   3.8819039e+00
   1.4962705e+01   1.1004266e+01   3.8395490e+00
   1.4940025e+01   1.0959144e+01   3.7989306e+00
   1.4916591e+01   1.0912766e+01   3.7604686e+00
   1.4892382e+01   1.0865065e+01   3.7242725e+00
   1.4867485e+01   1.0816349e+01   3.6903378e+00
   1.4841895e+01   1.0766884e+01   3.6587996e+00
   1.4815698e+01   1.0717078e+01   3.6294816e+00
   1.4789243e+01   1.0667354e+01   3.6025276e+00
   1.4762553e+01   1.0617210e+01   3.5779157e+00
   1.4738344e+01   1.0571714e+01   3.5570690e+00
   1.4722913e+01   1.0542724e+01   3.5442960e+00
   1.4716692e+01   1.0531044e+01   3.5392454e+00
   1.4713581e+01   1.0525204e+01   3.5367201e+00
   1.4701092e+01   1.0501761e+01   3.5266775e+00
   1.4678898e+01   1.0460162e+01   3.5095748e+00
   1.4649594e+01   1.0405861e+01   3.4886265e+00
   1.4619451e+01   1.0351434e+01   3.4687743e+00
   1.4588526e+01   1.0297473e+01   3.4504978e+00
   1.4556933e+01   1.0243911e+01   3.4345370e+00
   1.4524871e+01   1.0190421e+01   3.4213519e+00
   1.4492720e+01   1.0136916e+01   3.4112247e+00
   1.4460878e+01   1.0083429e+01   3.4045537e+00
   1.4429524e+01   1.0029811e+01   3.4016924e+00
   1.4398605e+01   9.9757924e+00   3.4027279e+00
   1.4367922e+01   9.9211335e+00   3.4074914e+00
   1.4337106e+01   9.8657617e+00   3.4154790e+00
   1.4305782e+01   9.8099494e+00   3.4259388e+00
   1.4273650e+01   9.7540617e+00   3.4381608e+00
   1.4240590e+01   9.6983779e+00   3.4514151e+00
   1.4212625e+01   9.6526940e+00   3.4629626e+00
   1.4195826e+01   9.6257329e+00   3.4701554e+00
   1.4190318e+01   9.6169394e+00   3.4725530e+00
   1.4184520e+01   9.6076830e+00   3.4750769e+00
   1.4167400e+01   9.5805027e+00   3.4826575e+00
   1.4138944e+01   9.5359805e+00   3.4960885e+00
   1.4104965e+01   9.4836031e+00   3.5136431e+00
   1.4071220e+01   9.4320854e+00   3.5330206e+00
   1.4037703e+01   9.3814227e+00   3.5546587e+00
   1.4004081e+01   9.3315055e+00   3.5786278e+00
   1.3970108e+01   9.2822147e+00   3.6048374e+00
   1.3935726e+01   9.2333037e+00   3.6329549e+00
   1.3901099e+01   9.1846743e+00   3.6624900e+00
   1.3866513e+01   9.1364821e+00   3.6930042e+00
   1.3832174e+01   9.0890421e+00   3.7244252e+00
   1.3798180e+01   9.0426152e+00   3.7568556e+00
   1.3764661e+01   8.9973404e+00   3.7905956e+00
   1.3731715e+01   8.9531914e+00   3.8258711e+00
   1.3699260e+01   8.9100658e+00   3.8629374e+00
   1.3667082e+01   8.8678244e+00   3.9016549e+00
   1.3642529e+01   8.8361752e+00   3.9325116e+00
   1.3628665e+01   8.8186024e+00   3.9503987e+00
   1.3625404e+01   8.8144877e+00   3.9546292e+00
   1.3618068e+01   8.8052296e+00   3.9641477e+00
   1.3600158e+01   8.7828470e+00   3.9876845e+00
   1.3571648e+01   8.7482077e+00   4.0261227e+00
   1.3539795e+01   8.7109947e+00   4.0701538e+00
   1.3507807e+01   8.6751567e+00   4.1153699e+00
   1.3475781e+01   8.6406369e+00   4.1616229e+00
   1.3444043e+01   8.6075598e+00   4.2088181e+00
   1.3412884e+01   8.5760200e+00   4.2571150e+00
   1.3382380e+01   8.5459054e+00   4.3068034e+00
   1.3352404e+01   8.5169294e+00   4.3580268e+00
   1.3322807e+01   8.4888467e+00   4.4105669e+00
   1.3293584e+01   8.4616372e+00   4.4640374e+00
   1.3264823e+01   8.4354740e+00   4.5180801e+00
   1.3236568e+01   8.4106743e+00   4.5726005e+00
   1.3208685e+01   8.3874983e+00   4.6276197e+00
   1.3181067e+01   8.3661556e+00   4.6832344e+00
   1.3153714e+01   8.3466663e+00   4.7395783e+00
   1.3134580e+01   8.3341113e+00   4.7800951e+00
   1.3124566e+01   8.3278144e+00   4.8017449e+00
   1.3123430e+01   8.3271034e+00   4.8042073e+00
   1.3115703e+01   8.3222688e+00   4.8209518e+00
   1.3099285e+01   8.3123442e+00   4.8571236e+00
   1.3074810e+01   8.2985214e+00   4.9133747e+00
   1.3050023e+01   8.2855772e+00   4.9730095e+00
   1.3025806e+01   8.2740518e+00   5.0334376e+00
   1.3001989e+01   8.2639467e+00   5.0943314e+00
   1.2978555e+01   8.2554731e+00   5.1554445e+00
   1.2955443e+01   8.2487888e+00   5.2168818e+00
   1.2932544e+01   8.2438114e+00   5.2787035e+00
   1.2909853e+01   8.2404875e+00   5.3407595e+00
   1.2887356e+01   8.2388335e+00   5.4029777e+00
   1.2864985e+01   8.2387871e+00   5.4653474e+00
   1.2842817e+01   8.2402509e+00   5.5277468e+00
   1.2821114e+01   8.2432479e+00   5.5899797e+00
   1.2800167e+01   8.2479579e+00   5.6519236e+00
   1.2780119e+01   8.2546456e+00   5.7137238e+00
   1.2761206e+01   8.2632396e+00   5.7744830e+00
   1.2749188e+01   8.2702120e+00   5.8146725e+00
   1.2743450e+01   8.2738960e+00   5.8342492e+00
   1.2743140e+01   8.2740952e+00   5.8353074e+00
   1.2736788e+01   8.2781948e+00   5.8570010e+00
   1.2724666e+01   8.2868859e+00   5.8993560e+00
   1.2707701e+01   8.3013903e+00   5.9613806e+00
   1.2691448e+01   8.3175144e+00   6.0234237e+00
   1.2675880e+01   8.3351364e+00   6.0852747e+00
   1.2660985e+01   8.3542734e+00   6.1467549e+00
   1.2646680e+01   8.3749908e+00   6.2077981e+00
   1.2632886e+01   8.3973174e+00   6.2683594e+00
   1.2619594e+01   8.4212824e+00   6.3284873e+00
   1.2606702e+01   8.4468044e+00   6.3882839e+00
   1.2594092e+01   8.4736631e+00   6.4475932e+00
   1.2581833e+01   8.5017696e+00   6.5060777e+00
   1.2570062e+01   8.5311834e+00   6.5634849e+00
   1.2559088e+01   8.5620961e+00   6.6196836e+00
   1.2549297e+01   8.5948273e+00   6.6748945e+00
   1.2540786e+01   8.6294667e+00   6.7295311e+00
   1.2534034e+01   8.6630284e+00   6.7795931e+00
   1.2530260e+01   8.6852597e+00   6.8113611e+00
   1.2528701e+01   8.6950580e+00   6.8251231e+00
   1.2528234e+01   8.6979975e+00   6.8292517e+00
   1.2525779e+01   8.7137383e+00   6.8512469e+00
   1.2521683e+01   8.7428603e+00   6.8908677e+00
   1.2516758e+01   8.7831586e+00   6.9433246e+00
   1.2512346e+01   8.8245660e+00   6.9946869e+00
   1.2508485e+01   8.8671096e+00   7.0447310e+00
   1.2505365e+01   8.9109562e+00   7.0933692e+00
   1.2503110e+01   8.9562669e+00   7.1407576e+00
   1.2501740e+01   9.0030595e+00   7.1871140e+00
   1.2501137e+01   9.0512448e+00   7.2326462e+00
   1.2501084e+01   9.1005996e+00   7.2774750e+00
   1.2501425e+01   9.1508014e+00   7.3215119e+00
   1.2502199e+01   9.2016648e+00   7.3645222e+00
   1.2503520e+01   9.2531887e+00   7.4063361e+00
   1.2505512e+01   9.3054596e+00   7.4469097e+00
   1.2508218e+01   9.3587024e+00   7.4864466e+00
   1.2511395e+01   9.4128265e+00   7.5252445e+00
   1.2514425e+01   9.4599622e+00   7.5579714e+00
   1.2516489e+01   9.4890019e+00   7.5775171e+00
   1.2517294e+01   9.4997978e+00   7.5846825e+00
   1.2517854e+01   9.5073081e+00   7.5896671e+00
   1.2519842e+01   9.5331632e+00   7.6066595e+00
   1.2523692e+01   9.5776382e+00   7.6347941e+00
   1.2529387e+01   9.6339922e+00   7.6683147e+00
   1.2535812e+01   9.6916112e+00   7.7007161e+00
   1.2542648e+01   9.7503823e+00   7.7323736e+00
   1.2549626e+01   9.8099746e+00   7.7635117e+00
   1.2556621e+01   9.8699985e+00   7.7941716e+00
   1.2563692e+01   9.9301127e+00   7.8241867e+00
   1.2571048e+01   9.9900893e+00   7.8532332e+00
   1.2578964e+01   1.0049886e+01   7.8809044e+00
   1.2587676e+01   1.0109678e+01   7.9068494e+00
   1.2597293e+01   1.0169797e+01   7.9308914e+00
   1.2607752e+01   1.0230503e+01   7.9530592e+00
   1.2618898e+01   1.0291700e+01   7.9733959e+00
   1.2630735e+01   1.0353108e+01   7.9917233e+00
   1.2643444e+01   1.0414673e+01   8.0078194e+00
   1.2654440e+01   1.0464321e+01   8.0188989e+00
   1.2661201e+01   1.0493444e+01   8.0246062e+00
   1.2663196e+01   1.0501922e+01   8.0262005e+00
   1.2666063e+01   1.0514110e+01   8.0284925e+00
   1.2673946e+01   1.0547001e+01   8.0343037e+00
   1.2687469e+01   1.0600759e+01   8.0421484e+00
   1.2704052e+01   1.0663366e+01   8.0489905e+00
   1.2721460e+01   1.0726267e+01   8.0537381e+00
   1.2739663e+01   1.0789458e+01   8.0565613e+00
   1.2758605e+01   1.0852959e+01   8.0577316e+00
   1.2778124e+01   1.0916651e+01   8.0575276e+00
   1.2798008e+01   1.0980377e+01   8.0560768e+00
   1.2818047e+01   1.1044173e+01   8.0534554e+00
   1.2838030e+01   1.1108037e+01   8.0498400e+00
   1.2857857e+01   1.1171657e+01   8.0453080e+00
   1.2877664e+01   1.1234519e+01   8.0396198e+00
   1.2897764e+01   1.1296277e+01   8.0322808e+00
   1.2918467e+01   1.1356960e+01   8.0228099e+00
   1.2939992e+01   1.1416945e+01   8.0109100e+00
   1.2962285e+01   1.1476599e+01   7.9967204e+00
   1.2979287e+01   1.1520748e+01   7.9846427e+00
   1.2988763e+01   1.1545055e+01   7.9775136e+00
   1.2990543e+01   1.1549610e+01   7.9761612e+00
   1.2996476e+01   1.1564797e+01   7.9716529e+00
   1.3010199e+01   1.1599683e+01   7.9608804e+00
   1.3031857e+01   1.1654187e+01   7.9427448e+00
   1.3055498e+01   1.1713164e+01   7.9217615e+00
   1.3079296e+01   1.1772246e+01   7.8997326e+00
   1.3103140e+01   1.1831483e+01   7.8770488e+00
   1.3126911e+01   1.1890652e+01   7.8539939e+00
   1.3150581e+01   1.1949308e+01   7.8305679e+00
   1.3174218e+01   1.2006975e+01   7.8065154e+00
   1.3197980e+01   1.2063343e+01   7.7814140e+00
   1.3222029e+01   1.2118330e+01   7.7548704e+00
   1.3246389e+01   1.2171835e+01   7.7267000e+00
   1.3270972e+01   1.2223475e+01   7.6968166e+00
   1.3295718e+01   1.2272723e+01   7.6649839e+00
   1.3320685e+01   1.2319355e+01   7.6306997e+00
   1.3345998e+01   1.2363708e+01   7.5935131e+00
   1.3371773e+01   1.2406559e+01   7.5533469e+00
   1.3389721e+01   1.2435513e+01   7.5241635e+00
   1.3398974e+01   1.2450414e+01   7.5089299e+00
   1.3399425e+01   1.2451141e+01   7.5081861e+00
   1.3407778e+01   1.2464591e+01   7.4944270e+00
   1.3425021e+01   1.2492327e+01   7.4657169e+00
   1.3451166e+01   1.2534928e+01   7.4217768e+00
   1.3477609e+01   1.2578857e+01   7.3772421e+00
   1.3503684e+01   1.2623098e+01   7.3333560e+00
   1.3529283e+01   1.2667349e+01   7.2902364e+00
   1.3554448e+01   1.2711017e+01   7.2474734e+00
   1.3579311e+01   1.2753293e+01   7.2042962e+00
   1.3604108e+01   1.2793823e+01   7.1598303e+00
   1.3629049e+01   1.2832837e+01   7.1135457e+00
   1.3654213e+01   1.2870810e+01   7.0653984e+00
   1.3679542e+01   1.2908218e+01   7.0157672e+00
   1.3704881e+01   1.2945283e+01   6.9652139e+00
   1.3730076e+01   1.2981987e+01   6.9142031e+00
   1.3755055e+01   1.3018231e+01   6.8629124e+00
   1.3779897e+01   1.3054148e+01   6.8112400e+00
   1.3803626e+01   1.3088531e+01   6.7614242e+00
   1.3819044e+01   1.3111012e+01   6.7288338e+00
   1.3826202e+01   1.3121486e+01   6.7136490e+00
   1.3827255e+01   1.3123027e+01   6.7114160e+00
   1.3836514e+01   1.3136583e+01   6.6917641e+00
   1.3853903e+01   1.3162162e+01   6.6546855e+00
   1.3878039e+01   1.3197841e+01   6.6025176e+00
   1.3901603e+01   1.3232525e+01   6.5504288e+00
   1.3924499e+01   1.3265565e+01   6.4981508e+00
   1.3946749e+01   1.3296462e+01   6.4453574e+00
   1.3968483e+01   1.3324837e+01   6.3916691e+00
   1.3989976e+01   1.3350738e+01   6.3365822e+00
   1.4011410e+01   1.3374724e+01   6.2798819e+00
   1.4032657e+01   1.3397436e+01   6.2219388e+00
   1.4053429e+01   1.3419197e+01   6.1632945e+00
   1.4073569e+01   1.3440156e+01   6.1042689e+00
   1.4093051e+01   1.3460161e+01   6.0447844e+00
   1.4111892e+01   1.3479228e+01   5.9847140e+00
   1.4130177e+01   1.3497526e+01   5.9240919e+00
   1.4148137e+01   1.3515334e+01   5.8630064e+00
   1.4164187e+01   1.3530842e+01   5.8077851e+00
   1.4174281e+01   1.3540299e+01   5.7729722e+00
   1.4178404e+01   1.3544102e+01   5.7587324e+00
   1.4180236e+01   1.3545792e+01   5.7524037e+00
   1.4188017e+01   1.3552920e+01   5.7255080e+00
   1.4201681e+01   1.3565034e+01   5.6781106e+00
   1.4219026e+01   1.3579264e+01   5.6166148e+00
   1.4235567e+01   1.3591517e+01   5.5551409e+00
   1.4250983e+01   1.3601362e+01   5.4935254e+00
   1.4265285e+01   1.3608585e+01   5.4310978e+00
   1.4278806e+01   1.3613682e+01   5.3675167e+00
   1.4291723e+01   1.3616984e+01   5.3031547e+00
   1.4303989e+01   1.3618636e+01   5.2384367e+00
   1.4315435e+01   1.3618649e+01   5.1735284e+00
   1.4326010e+01   1.3617070e+01   5.1082700e+00
   1.4335821e+01   1.3614136e+01   5.0425848e+00
   1.4344986e+01   1.3610012e+01   4.9765928e+00
   1.4353598e+01   1.3604849e+01   4.9104513e+00
   1.4361677e+01   1.3598724e+01   4.8443615e+00
   1.4369172e+01   1.3591589e+01   4.7784779e+00
   1.4374887e+01   1.3584648e+01   4.7234454e+00
   1.4378034e+01   1.3580028e+01   4.6903849e+00
   1.4379064e+01   1.3578409e+01   4.6791879e+00
   1.4380043e+01   1.3576871e+01   4.6685508e+00
   1.4382930e+01   1.3572032e+01   4.6361071e+00
   1.4387213e+01   1.3563171e+01   4.5820123e+00
   1.4391458e+01   1.3551136e+01   4.5169543e+00
   1.4394826e+01   1.3537770e+01   4.4519405e+00
   1.4397364e+01   1.3523240e+01   4.3868566e+00
   1.4399108e+01   1.3507808e+01   4.3217595e+00
   1.4400053e+01   1.3491594e+01   4.2568800e+00
   1.4400176e+01   1.3474518e+01   4.1924060e+00
   1.4399472e+01   1.3456436e+01   4.1283665e+00
   1.4397964e+01   1.3437263e+01   4.0645825e+00
   1.4395725e+01   1.3417156e+01   4.0008755e+00
   1.4392793e+01   1.3396252e+01   3.9372753e+00
   1.4389188e+01   1.3374652e+01   3.8738744e+00
   1.4384913e+01   1.3352425e+01   3.8108722e+00
   1.4379933e+01   1.3329454e+01   3.7484700e+00
   1.4374196e+01   1.3305462e+01   3.6865661e+00
   1.4369179e+01   1.3286013e+01   3.6386757e+00
   1.4366117e+01   1.3274627e+01   3.6114490e+00
   1.4365340e+01   1.3271764e+01   3.6046521e+00
   1.4363785e+01   1.3266036e+01   3.5910582e+00
   1.4359776e+01   1.3251545e+01   3.5571706e+00
   1.4352885e+01   1.3227645e+01   3.5034210e+00
   1.4344470e+01   1.3199639e+01   3.4435393e+00
   1.4335410e+01   1.3170540e+01   3.3841279e+00
   1.4325721e+01   1.3140456e+01   3.3252206e+00
   1.4315396e+01   1.3109485e+01   3.2669083e+00
   1.4304418e+01   1.3077686e+01   3.2093465e+00
   1.4292750e+01   1.3044988e+01   3.1527306e+00
   1.4280328e+01   1.3011171e+01   3.0970587e+00
   1.4267137e+01   1.2976104e+01   3.0420788e+00
   1.4253254e+01   1.2939916e+01   2.9875745e+00
   1.4238786e+01   1.2902870e+01   2.9335811e+00
   1.4223813e+01   1.2865153e+01   2.8803386e+00
   1.4208366e+01   1.2826767e+01   2.8281953e+00
   1.4192411e+01   1.2787486e+01   2.7774190e+00
   1.4175868e+01   1.2747069e+01   2.7280606e+00
   1.4163487e+01   1.2717119e+01   2.6935014e+00
   1.4156682e+01   1.2700813e+01   2.6751478e+00
   1.4155771e+01   1.2698634e+01   2.6727032e+00
   1.4150765e+01   1.2686652e+01   2.6592580e+00
   1.4139641e+01   1.2660225e+01   2.6300919e+00
   1.4121856e+01   1.2618926e+01   2.5853419e+00
   1.4102535e+01   1.2575403e+01   2.5381556e+00
   1.4082787e+01   1.2532358e+01   2.4907089e+00
   1.4062656e+01   1.2489837e+01   2.4428879e+00
   1.4042113e+01   1.2447611e+01   2.3948974e+00
   1.4021126e+01   1.2405510e+01   2.3469383e+00
   1.3999680e+01   1.2363356e+01   2.2992620e+00
   1.3977787e+01   1.2320936e+01   2.2522691e+00
   1.3955488e+01   1.2278110e+01   2.2063618e+00
   1.3932829e+01   1.2234730e+01   2.1619896e+00
   1.3909725e+01   1.2190443e+01   2.1193453e+00
   1.3886062e+01   1.2145048e+01   2.0781607e+00
   1.3861726e+01   1.2098512e+01   2.0379188e+00
   1.3836664e+01   1.2051110e+01   1.9978701e+00
   1.3811173e+01   1.2003723e+01   1.9580626e+00
   1.3793919e+01   1.1972325e+01   1.9316296e+00
   1.3785343e+01   1.1956897e+01   1.9186283e+00
   1.3785117e+01   1.1956491e+01   1.9182862e+00
   1.3776088e+01   1.1940252e+01   1.9046018e+00
   1.3758121e+01   1.1908330e+01   1.8776730e+00
   1.3731255e+01   1.1861621e+01   1.8384880e+00
   1.3704229e+01   1.1815186e+01   1.8005615e+00
   1.3677136e+01   1.1768471e+01   1.7644580e+00
   1.3650092e+01   1.1721112e+01   1.7304732e+00
   1.3623095e+01   1.1673085e+01   1.6985569e+00
   1.3596117e+01   1.1624925e+01   1.6685710e+00
   1.3568916e+01   1.1576480e+01   1.6406835e+00
   1.3541065e+01   1.1526987e+01   1.6145720e+00
   1.3512529e+01   1.1476316e+01   1.5894358e+00
   1.3483658e+01   1.1424589e+01   1.5653768e+00
   1.3454582e+01   1.1371771e+01   1.5426077e+00
   1.3425351e+01   1.1318317e+01   1.5210606e+00
   1.3396215e+01   1.1264883e+01   1.5010778e+00
   1.3367335e+01   1.1211323e+01   1.4833821e+00
   1.3340451e+01   1.1160549e+01   1.4692089e+00
   1.3322954e+01   1.1127223e+01   1.4610499e+00
   1.3315134e+01   1.1112346e+01   1.4575653e+00
   1.3313115e+01   1.1108507e+01   1.4566660e+00
   1.3301230e+01   1.1085906e+01   1.4514331e+00
   1.3279148e+01   1.1044078e+01   1.4423379e+00
   1.3248200e+01   1.0986472e+01   1.4307611e+00
   1.3216432e+01   1.0928586e+01   1.4198021e+00
   1.3184084e+01   1.0870755e+01   1.4095764e+00
   1.3151376e+01   1.0813077e+01   1.4003534e+00
   1.3118455e+01   1.0755479e+01   1.3923541e+00
   1.3085378e+01   1.0697753e+01   1.3856629e+00
   1.3052208e+01   1.0639800e+01   1.3801649e+00
   1.3019057e+01   1.0581719e+01   1.3758120e+00
   1.2985970e+01   1.0523668e+01   1.3726469e+00
   1.2952849e+01   1.0465661e+01   1.3707855e+00
   1.2919520e+01   1.0407595e+01   1.3700995e+00
   1.2885913e+01   1.0349424e+01   1.3703043e+00
   1.2852023e+01   1.0291111e+01   1.3709314e+00
   1.2817906e+01   1.0232723e+01   1.3714203e+00
   1.2788008e+01   1.0181840e+01   1.3714759e+00
   1.2769510e+01   1.0150517e+01   1.3714306e+00
   1.2762467e+01   1.0138614e+01   1.3714259e+00
   1.2758065e+01   1.0131175e+01   1.3714230e+00
   1.2742222e+01   1.0104436e+01   1.3714301e+00
   1.2715008e+01   1.0058725e+01   1.3716835e+00
   1.2681047e+01   1.0002078e+01   1.3732673e+00
   1.2647373e+01   9.9462328e+00   1.3768646e+00
   1.2613910e+01   9.8909314e+00   1.3829301e+00
   1.2580641e+01   9.8359781e+00   1.3915691e+00
   1.2547641e+01   9.7813401e+00   1.4027460e+00
   1.2514824e+01   9.7269214e+00   1.4163670e+00
   1.2481935e+01   9.6724904e+00   1.4320603e+00
   1.2448792e+01   9.6178486e+00   1.4491356e+00
   1.2415390e+01   9.5630153e+00   1.4668558e+00
   1.2381808e+01   9.5080874e+00   1.4850498e+00
   1.2348117e+01   9.4531833e+00   1.5038053e+00
   1.2314499e+01   9.3986530e+00   1.5232114e+00
   1.2281162e+01   9.3448283e+00   1.5436178e+00
   1.2248150e+01   9.2916937e+00   1.5654493e+00
   1.2221515e+01   9.2489059e+00   1.5844707e+00
   1.2205841e+01   9.2237591e+00   1.5961655e+00
   1.2201083e+01   9.2161300e+00   1.5997553e+00
   1.2194927e+01   9.2062570e+00   1.6044010e+00
   1.2177859e+01   9.1789042e+00   1.6174662e+00
   1.2149844e+01   9.1341046e+00   1.6395907e+00
   1.2116868e+01   9.0816480e+00   1.6660333e+00
   1.2083718e+01   9.0293251e+00   1.6926775e+00
   1.2050537e+01   8.9774861e+00   1.7195064e+00
   1.2017495e+01   8.9264622e+00   1.7467880e+00
   1.1984720e+01   8.8763914e+00   1.7750779e+00
   1.1952267e+01   8.8271914e+00   1.8047776e+00
   1.1920218e+01   8.7787831e+00   1.8360543e+00
   1.1888541e+01   8.7309899e+00   1.8690088e+00
   1.1857047e+01   8.6835848e+00   1.9034445e+00
   1.1825604e+01   8.6365230e+00   1.9389725e+00
   1.1794171e+01   8.5898790e+00   1.9752664e+00
   1.1762803e+01   8.5437336e+00   2.0121928e+00
   1.1731698e+01   8.4982066e+00   2.0497492e+00
   1.1701164e+01   8.4535098e+00   2.0881320e+00
   1.1678763e+01   8.4206317e+00   2.1178344e+00
   1.1666478e+01   8.4025821e+00   2.1347307e+00
   1.1663978e+01   8.3989087e+00   2.1381939e+00
   1.1656729e+01   8.3882558e+00   2.1482373e+00
   1.1639872e+01   8.3634778e+00   2.1720835e+00
   1.1613751e+01   8.3251197e+00   2.2107265e+00
   1.1585497e+01   8.2837968e+00   2.2540634e+00
   1.1557573e+01   8.2431830e+00   2.2980768e+00
   1.1530174e+01   8.2034918e+00   2.3429124e+00
   1.1503365e+01   8.1647110e+00   2.3889815e+00
   1.1477059e+01   8.1266262e+00   2.4364446e+00
   1.1451078e+01   8.0890001e+00   2.4851849e+00
   1.1425186e+01   8.0516455e+00   2.5348437e+00
   1.1399264e+01   8.0145366e+00   2.5850516e+00
   1.1373311e+01   7.9777199e+00   2.6354893e+00
   1.1347547e+01   7.9413745e+00   2.6860013e+00
   1.1322347e+01   7.9057627e+00   2.7367156e+00
   1.1298018e+01   7.8710996e+00   2.7879273e+00
   1.1274637e+01   7.8374344e+00   2.8400509e+00
   1.1251983e+01   7.8045785e+00   2.8933711e+00
   1.1236570e+01   7.7821984e+00   2.9310585e+00
   1.1228595e+01   7.7706460e+00   2.9507529e+00
   1.1228025e+01   7.7698210e+00   2.9521604e+00
   1.1221189e+01   7.7599219e+00   2.9690502e+00
   1.1206966e+01   7.7393734e+00   3.0044612e+00
   1.1185180e+01   7.7081878e+00   3.0586103e+00
   1.1162518e+01   7.6761286e+00   3.1141800e+00
   1.1139600e+01   7.6440494e+00   3.1696215e+00
   1.1116636e+01   7.6121417e+00   3.2249749e+00
   1.1093892e+01   7.5806583e+00   3.2803661e+00
   1.1071577e+01   7.5498004e+00   3.3359503e+00
   1.1049826e+01   7.5197028e+00   3.3918579e+00
   1.1028776e+01   7.4905397e+00   3.4480461e+00
   1.1008693e+01   7.4626161e+00   3.5045512e+00
   1.0989706e+01   7.4359943e+00   3.5618385e+00
   1.0971597e+01   7.4103406e+00   3.6202359e+00
   1.0954100e+01   7.3853817e+00   3.6795702e+00
   1.0937022e+01   7.3609809e+00   3.7395866e+00
   1.0920110e+01   7.3369568e+00   3.8000555e+00
   1.0903805e+01   7.3140428e+00   3.8586194e+00
   1.0893248e+01   7.2993188e+00   3.8969565e+00
   1.0888320e+01   7.2924454e+00   3.9151077e+00
   1.0887757e+01   7.2916599e+00   3.9171822e+00
   1.0881711e+01   7.2832282e+00   3.9394849e+00
   1.0870384e+01   7.2674193e+00   3.9820772e+00
   1.0854830e+01   7.2455574e+00   4.0433470e+00
   1.0839774e+01   7.2242678e+00   4.1051297e+00
   1.0825050e+01   7.2034188e+00   4.1673256e+00
   1.0810398e+01   7.1828131e+00   4.2298389e+00
   1.0795773e+01   7.1624708e+00   4.2925340e+00
   1.0781388e+01   7.1426356e+00   4.3552643e+00
   1.0767546e+01   7.1235882e+00   4.4180108e+00
   1.0754505e+01   7.1055098e+00   4.4809291e+00
   1.0742387e+01   7.0884288e+00   4.5442208e+00
   1.0731192e+01   7.0722765e+00   4.6080332e+00
   1.0720822e+01   7.0569325e+00   4.6724192e+00
   1.0711153e+01   7.0422746e+00   4.7373277e+00
   1.0702061e+01   7.0282058e+00   4.8027042e+00
   1.0693397e+01   7.0146346e+00   4.8684659e+00
   1.0685857e+01   7.0027488e+00   4.9282659e+00
   1.0681254e+01   6.9954510e+00   4.9661475e+00
   1.0679357e+01   6.9924356e+00   4.9819951e+00
   1.0678612e+01   6.9912510e+00   4.9882209e+00
   1.0675242e+01   6.9858904e+00   5.0165315e+00
   1.0669389e+01   6.9765368e+00   5.0670213e+00
   1.0661906e+01   6.9645427e+00   5.1335742e+00
   1.0654587e+01   6.9528232e+00   5.2001654e+00
   1.0647526e+01   6.9414881e+00   5.2666028e+00
   1.0640954e+01   6.9307505e+00   5.3327890e+00
   1.0635094e+01   6.9207831e+00   5.3988036e+00
   1.0630032e+01   6.9116220e+00   5.4648194e+00
   1.0625682e+01   6.9031443e+00   5.5309897e+00
   1.0621805e+01   6.8951003e+00   5.5974993e+00
   1.0618065e+01   6.8871982e+00   5.6644379e+00
   1.0614412e+01   6.8794219e+00   5.7316092e+00
   1.0611010e+01   6.8719547e+00   5.7986864e+00
   1.0608152e+01   6.8650779e+00   5.8654977e+00
   1.0606094e+01   6.8590032e+00   5.9322151e+00
   1.0604840e+01   6.8537104e+00   5.9991267e+00
   1.0604309e+01   6.8497528e+00   6.0559848e+00
   1.0604146e+01   6.8475222e+00   6.0905416e+00
   1.0604103e+01   6.8467572e+00   6.1026478e+00
   1.0604066e+01   6.8461015e+00   6.1130246e+00
   1.0603979e+01   6.8440617e+00   6.1459108e+00
   1.0603938e+01   6.8407696e+00   6.2014321e+00
   1.0603963e+01   6.8369346e+00   6.2692795e+00
   1.0604070e+01   6.8333162e+00   6.3372449e+00
   1.0604263e+01   6.8299657e+00   6.4052529e+00
   1.0604587e+01   6.8269681e+00   6.4732261e+00
   1.0605097e+01   6.8244044e+00   6.5411655e+00
   1.0605806e+01   6.8223059e+00   6.6091107e+00
   1.0606704e+01   6.8206695e+00   6.6770543e+00
   1.0607781e+01   6.8194962e+00   6.7449324e+00
   1.0609030e+01   6.8188065e+00   6.8127164e+00
   1.0610360e+01   6.8185760e+00   6.8804612e+00
   1.0611585e+01   6.8187102e+00   6.9482069e+00
   1.0612569e+01   6.8191423e+00   7.0159663e+00
   1.0613214e+01   6.8198252e+00   7.0837652e+00
   1.0613487e+01   6.8207552e+00   7.1516201e+00
   1.0613394e+01   6.8216785e+00   7.2049985e+00
   1.0613208e+01   6.8222765e+00   7.2357410e+00
   1.0613149e+01   6.8224384e+00   7.2438606e+00
   1.0613044e+01   6.8227275e+00   7.2583600e+00
   1.0612694e+01   6.8235000e+00   7.2954700e+00
   1.0611756e+01   6.8248364e+00   7.3551330e+00
   1.0610055e+01   6.8263676e+00   7.4228113e+00
   1.0607683e+01   6.8278779e+00   7.4903886e+00
   1.0604721e+01   6.8294656e+00   7.5578333e+00
   1.0601429e+01   6.8314153e+00   7.6250264e+00
   1.0598117e+01   6.8340764e+00   7.6917707e+00
   1.0595122e+01   6.8378240e+00   7.7579667e+00
   1.0592728e+01   6.8429303e+00   7.8237246e+00
   1.0590976e+01   6.8493882e+00   7.8892737e+00
   1.0589635e+01   6.8569046e+00   7.9548028e+00
   1.0588471e+01   6.8651643e+00   8.0203280e+00
   1.0587309e+01   6.8739861e+00   8.0857856e+00
   1.0586208e+01   6.8834339e+00   8.1509998e+00
   1.0585528e+01   6.8937947e+00   8.2158590e+00
   1.0585450e+01   6.9052079e+00   8.2806576e+00
   1.0585654e+01   6.9141314e+00   8.3279914e+00
   1.0585803e+01   6.9191171e+00   8.3537211e+00
   1.0585826e+01   6.9198793e+00   8.3576390e+00
   1.0585933e+01   6.9233635e+00   8.3755492e+00
   1.0586206e+01   6.9312556e+00   8.4154031e+00
   1.0586668e+01   6.9439363e+00   8.4774399e+00
   1.0587238e+01   6.9579470e+00   8.5434648e+00
   1.0588049e+01   6.9725891e+00   8.6093406e+00
   1.0589236e+01   6.9879369e+00   8.6751156e+00
   1.0590760e+01   7.0039282e+00   8.7408617e+00
   1.0592519e+01   7.0204404e+00   8.8065376e+00
   1.0594359e+01   7.0373556e+00   8.8721177e+00
   1.0596036e+01   7.0545181e+00   8.9375791e+00
   1.0597279e+01   7.0717414e+00   9.0028767e+00
   1.0597810e+01   7.0888448e+00   9.0680610e+00
   1.0597539e+01   7.1057790e+00   9.1332985e+00
   1.0596621e+01   7.1226213e+00   9.1986899e+00
   1.0595335e+01   7.1394768e+00   9.2641689e+00
   1.0593851e+01   7.1563497e+00   9.3295715e+00
   1.0592217e+01   7.1731748e+00   9.3947773e+00
   1.0591011e+01   7.1843243e+00   9.4381851e+00
   1.0590407e+01   7.1898986e+00   9.4598893e+00
