   1.3405710e+01   9.4380436e+00   4.8038678e+00
   1.3388285e+01   9.4271116e+00   4.7959740e+00
   1.3353435e+01   9.4052479e+00   4.7801867e+00
   1.3302800e+01   9.3718993e+00   4.7566293e+00
   1.3255022e+01   9.3373501e+00   4.7331616e+00
   1.3210870e+01   9.3009583e+00   4.7096039e+00
   1.3170768e+01   9.2622171e+00   4.6856970e+00
   1.3134916e+01   9.2208456e+00   4.6611725e+00
   1.3103386e+01   9.1768165e+00   4.6358057e+00
   1.3076186e+01   9.1303269e+00   4.6094482e+00
   1.3053295e+01   9.0817286e+00   4.5820393e+00
   1.3034680e+01   9.0314433e+00   4.5536008e+00
   1.3020296e+01   8.9798862e+00   4.5242212e+00
   1.3010082e+01   8.9274159e+00   4.4940361e+00
   1.3003949e+01   8.8743168e+00   4.4632088e+00
   1.3001771e+01   8.8208072e+00   4.4319152e+00
   1.3003394e+01   8.7670640e+00   4.4003328e+00
   1.3006979e+01   8.7302694e+00   4.3786600e+00
   1.3009451e+01   8.7114320e+00   4.3675634e+00
   1.3009573e+01   8.7105131e+00   4.3670221e+00
   1.3011831e+01   8.6935144e+00   4.3570086e+00
   1.3017526e+01   8.6586346e+00   4.3364611e+00
   1.3029289e+01   8.6061537e+00   4.3055924e+00
   1.3044427e+01   8.5533055e+00   4.2746026e+00
   1.3062688e+01   8.5012613e+00   4.2442252e+00
   1.3084084e+01   8.4502896e+00   4.2146703e+00
   1.3108681e+01   8.4006502e+00   4.1861561e+00
   1.3136571e+01   8.3525756e+00   4.1588972e+00
   1.3167837e+01   8.3062549e+00   4.1330894e+00
   1.3202528e+01   8.2618255e+00   4.1088951e+00
   1.3240625e+01   8.2193721e+00   4.0864315e+00
   1.3282028e+01   8.1789360e+00   4.0657663e+00
   1.3326553e+01   8.1405304e+00   4.0469199e+00
   1.3373946e+01   8.1041611e+00   4.0298756e+00
   1.3423901e+01   8.0698467e+00   4.0145926e+00
   1.3476090e+01   8.0376349e+00   4.0010216e+00
   1.3514012e+01   8.0165925e+00   3.9926791e+00
   1.3534229e+01   8.0060256e+00   3.9886364e+00
   1.3536112e+01   8.0050467e+00   3.9882632e+00
   1.3552592e+01   7.9964814e+00   3.9849977e+00
   1.3587892e+01   7.9790308e+00   3.9785582e+00
   1.3643076e+01   7.9546267e+00   3.9702171e+00
   1.3701421e+01   7.9319473e+00   3.9632189e+00
   1.3760830e+01   7.9119711e+00   3.9578851e+00
   1.3821187e+01   7.8947655e+00   3.9542536e+00
   1.3882382e+01   7.8803383e+00   3.9523683e+00
   1.3944299e+01   7.8686367e+00   3.9522737e+00
   1.4006802e+01   7.8595604e+00   3.9540082e+00
   1.4069731e+01   7.8529839e+00   3.9575962e+00
   1.4132912e+01   7.8487853e+00   3.9630398e+00
   1.4196162e+01   7.8468726e+00   3.9703104e+00
   1.4259303e+01   7.8472030e+00   3.9793420e+00
   1.4322171e+01   7.8497881e+00   3.9900307e+00
   1.4384622e+01   7.8546849e+00   4.0022411e+00
   1.4446535e+01   7.8619736e+00   4.0158228e+00
   1.4490524e+01   7.8689774e+00   4.0264576e+00
   1.4513928e+01   7.8732853e+00   4.0324054e+00
   1.4517046e+01   7.8738696e+00   4.0332029e+00
   1.4534192e+01   7.8770830e+00   4.0375890e+00
   1.4571409e+01   7.8847454e+00   4.0474513e+00
   1.4628060e+01   7.8987327e+00   4.0636123e+00
   1.4686823e+01   7.9158604e+00   4.0817833e+00
   1.4744477e+01   7.9351965e+00   4.1012187e+00
   1.4800818e+01   7.9565011e+00   4.1221178e+00
   1.4855625e+01   7.9794993e+00   4.1447262e+00
   1.4908683e+01   8.0039198e+00   4.1693008e+00
   1.4959808e+01   8.0295323e+00   4.1960708e+00
   1.5008869e+01   8.0561768e+00   4.2251975e+00
   1.5055775e+01   8.0837772e+00   4.2567419e+00
   1.5100469e+01   8.1123390e+00   4.2906447e+00
   1.5142906e+01   8.1419355e+00   4.3267244e+00
   1.5183047e+01   8.1726861e+00   4.3646972e+00
   1.5220855e+01   8.2047316e+00   4.4042158e+00
   1.5256305e+01   8.2382100e+00   4.4449195e+00
   1.5280629e+01   8.2639525e+00   4.4754709e+00
   1.5293359e+01   8.2784092e+00   4.4923149e+00
   1.5295509e+01   8.2808812e+00   4.4951859e+00
   1.5303842e+01   8.2904600e+00   4.5063114e+00
   1.5322106e+01   8.3124704e+00   4.5315699e+00
   1.5348640e+01   8.3480757e+00   4.5712723e+00
   1.5374904e+01   8.3877909e+00   4.6142526e+00
   1.5399004e+01   8.4288187e+00   4.6575818e+00
   1.5420968e+01   8.4708998e+00   4.7012858e+00
   1.5440784e+01   8.5137310e+00   4.7454088e+00
   1.5458395e+01   8.5570072e+00   4.7899949e+00
   1.5473701e+01   8.6004656e+00   4.8350736e+00
   1.5486575e+01   8.6439188e+00   4.8806452e+00
   1.5496869e+01   8.6872709e+00   4.9266647e+00
   1.5504442e+01   8.7305148e+00   4.9730288e+00
   1.5509173e+01   8.7737165e+00   5.0195687e+00
   1.5510976e+01   8.8169919e+00   5.0660555e+00
   1.5509812e+01   8.8604816e+00   5.1122176e+00
   1.5505684e+01   8.9043269e+00   5.1577688e+00
   1.5500381e+01   8.9376628e+00   5.1913689e+00
   1.5496675e+01   8.9563716e+00   5.2097900e+00
   1.5495888e+01   8.9601959e+00   5.2135370e+00
   1.5493604e+01   8.9712865e+00   5.2244033e+00
   1.5487637e+01   8.9974138e+00   5.2496383e+00
   1.5476026e+01   9.0389910e+00   5.2883595e+00
   1.5460622e+01   9.0849893e+00   5.3294041e+00
   1.5442585e+01   9.1313887e+00   5.3691792e+00
   1.5421988e+01   9.1779616e+00   5.4077814e+00
   1.5398902e+01   9.2243911e+00   5.4453592e+00
   1.5373400e+01   9.2702910e+00   5.4820920e+00
   1.5345550e+01   9.3152406e+00   5.5181713e+00
   1.5315408e+01   9.3588290e+00   5.5537845e+00
   1.5283012e+01   9.4006983e+00   5.5890990e+00
   1.5248381e+01   9.4405770e+00   5.6242478e+00
   1.5211525e+01   9.4782984e+00   5.6593154e+00
   1.5172455e+01   9.5138061e+00   5.6943294e+00
   1.5131205e+01   9.5471462e+00   5.7292565e+00
   1.5087839e+01   9.5784505e+00   5.7640068e+00
   1.5052935e+01   9.6011135e+00   5.7904956e+00
   1.5032624e+01   9.6134959e+00   5.8053669e+00
   1.5027817e+01   9.6163851e+00   5.8088574e+00
   1.5017000e+01   9.6228858e+00   5.8167110e+00
   1.4990205e+01   9.6384754e+00   5.8358018e+00
   1.4946291e+01   9.6622307e+00   5.8656557e+00
   1.4895855e+01   9.6875432e+00   5.8980377e+00
   1.4844093e+01   9.7118857e+00   5.9293359e+00
   1.4791165e+01   9.7354052e+00   5.9593586e+00
   1.4737193e+01   9.7582070e+00   5.9879251e+00
   1.4682266e+01   9.7803605e+00   6.0148673e+00
   1.4626441e+01   9.8019096e+00   6.0400313e+00
   1.4569747e+01   9.8228830e+00   6.0632818e+00
   1.4512201e+01   9.8433015e+00   6.0845091e+00
   1.4453814e+01   9.8631799e+00   6.1036368e+00
   1.4394599e+01   9.8825209e+00   6.1206288e+00
   1.4334581e+01   9.9013011e+00   6.1354929e+00
   1.4273804e+01   9.9194537e+00   6.1482800e+00
   1.4212337e+01   9.9368493e+00   6.1590791e+00
   1.4163540e+01   9.9497727e+00   6.1661013e+00
   1.4135286e+01   9.9568361e+00   6.1696146e+00
   1.4127813e+01   9.9586727e+00   6.1705067e+00
   1.4114469e+01   9.9619522e+00   6.1720998e+00
   1.4080236e+01   9.9701093e+00   6.1758846e+00
   1.4024903e+01   9.9820960e+00   6.1808380e+00
   1.3961845e+01   9.9937595e+00   6.1850485e+00
   1.3898683e+01   1.0003102e+01   6.1880008e+00
   1.3835482e+01   1.0009797e+01   6.1898450e+00
   1.3772273e+01   1.0013594e+01   6.1907162e+00
   1.3709067e+01   1.0014342e+01   6.1907264e+00
   1.3645874e+01   1.0011993e+01   6.1899567e+00
   1.3582720e+01   1.0006601e+01   6.1884504e+00
   1.3519662e+01   9.9982988e+00   6.1862084e+00
   1.3456790e+01   9.9872701e+00   6.1831894e+00
   1.3394221e+01   9.9737219e+00   6.1793164e+00
   1.3332092e+01   9.9578542e+00   6.1744887e+00
   1.3270536e+01   9.9398399e+00   6.1685993e+00
   1.3209674e+01   9.9198144e+00   6.1615535e+00
   1.3161410e+01   9.9021874e+00   6.1549112e+00
   1.3133455e+01   9.8912610e+00   6.1506117e+00
   1.3125347e+01   9.8880311e+00   6.1493263e+00
   1.3113692e+01   9.8833881e+00   6.1474784e+00
   1.3082412e+01   9.8705863e+00   6.1423039e+00
   1.3032080e+01   9.8484952e+00   6.1330334e+00
   1.2974727e+01   9.8211408e+00   6.1211292e+00
   1.2918368e+01   9.7920618e+00   6.1081479e+00
   1.2863054e+01   9.7613016e+00   6.0941884e+00
   1.2808848e+01   9.7289077e+00   6.0793444e+00
   1.2755823e+01   9.6949290e+00   6.0636903e+00
   1.2704067e+01   9.6594125e+00   6.0472746e+00
   1.2653673e+01   9.6224009e+00   6.0301185e+00
   1.2604739e+01   9.5839324e+00   6.0122204e+00
   1.2557364e+01   9.5440422e+00   5.9935621e+00
   1.2511645e+01   9.5027659e+00   5.9741158e+00
   1.2467673e+01   9.4601432e+00   5.9538478e+00
   1.2425534e+01   9.4162222e+00   5.9327208e+00
   1.2385302e+01   9.3710623e+00   5.9106930e+00
   1.2353909e+01   9.3330506e+00   5.8918414e+00
   1.2335986e+01   9.3100958e+00   5.8802929e+00
   1.2330398e+01   9.3028100e+00   5.8766098e+00
   1.2323878e+01   9.2943099e+00   5.8723127e+00
   1.2305530e+01   9.2698804e+00   5.8598946e+00
   1.2276580e+01   9.2289279e+00   5.8387220e+00
   1.2244392e+01   9.1796386e+00   5.8126088e+00
   1.2214197e+01   9.1295568e+00   5.7853797e+00
   1.2185938e+01   9.0787767e+00   5.7570390e+00
   1.2159550e+01   9.0273856e+00   5.7276280e+00
   1.2134975e+01   8.9754637e+00   5.6972293e+00
   1.2112175e+01   8.9230850e+00   5.6659629e+00
   1.2091152e+01   8.8703186e+00   5.6339753e+00
   1.2071955e+01   8.8172294e+00   5.6014227e+00
   1.2054682e+01   8.7638773e+00   5.5684502e+00
   1.2039466e+01   8.7103161e+00   5.5351736e+00
   1.2026464e+01   8.6565921e+00   5.5016670e+00
   1.2015830e+01   8.6027443e+00   5.4679602e+00
   1.2007692e+01   8.5488039e+00   5.4340446e+00
   1.2003032e+01   8.5035657e+00   5.4054341e+00
   1.2001216e+01   8.4763114e+00   5.3881024e+00
   1.2000713e+01   8.4670708e+00   5.3822144e+00
   1.2000236e+01   8.4582922e+00   5.3766207e+00
   1.1999087e+01   8.4314894e+00   5.3595101e+00
   1.1998737e+01   8.3866425e+00   5.3307054e+00
   1.2000758e+01   8.3325309e+00   5.2956601e+00
   1.2005082e+01   8.2784255e+00   5.2603568e+00
   1.2011555e+01   8.2243646e+00   5.2248799e+00
   1.2020040e+01   8.1704051e+00   5.1893473e+00
   1.2030438e+01   8.1166259e+00   5.1538964e+00
   1.2042707e+01   8.0631266e+00   5.1186658e+00
   1.2056863e+01   8.0100237e+00   5.0837785e+00
   1.2072978e+01   7.9574439e+00   5.0493275e+00
   1.2091157e+01   7.9055150e+00   5.0153696e+00
   1.2111520e+01   7.8543566e+00   4.9819251e+00
   1.2134170e+01   7.8040707e+00   4.9489849e+00
   1.2159181e+01   7.7547364e+00   4.9165216e+00
   1.2186574e+01   7.7064085e+00   4.8845043e+00
   1.2212000e+01   7.6659934e+00   4.8575028e+00
   1.2228439e+01   7.6417756e+00   4.8412059e+00
   1.2234486e+01   7.6330988e+00   4.8353517e+00
   1.2239158e+01   7.6263940e+00   4.8308281e+00
   1.2254782e+01   7.6044207e+00   4.8159727e+00
   1.2282553e+01   7.5677838e+00   4.7910366e+00
   1.2318810e+01   7.5238014e+00   4.7608328e+00
   1.2357009e+01   7.4810231e+00   4.7312058e+00
   1.2397058e+01   7.4395386e+00   4.7022279e+00
   1.2438891e+01   7.3994578e+00   4.6739583e+00
   1.2482473e+01   7.3608988e+00   4.6464280e+00
   1.2527782e+01   7.3239725e+00   4.6196298e+00
   1.2574799e+01   7.2887651e+00   4.5935165e+00
   1.2623491e+01   7.2553237e+00   4.5680074e+00
   1.2673800e+01   7.2236486e+00   4.5430054e+00
   1.2725634e+01   7.1936938e+00   4.5184198e+00
   1.2778869e+01   7.1653771e+00   4.4941931e+00
   1.2833357e+01   7.1385977e+00   4.4703261e+00
   1.2888935e+01   7.1132562e+00   4.4468957e+00
   1.2938197e+01   7.0923487e+00   4.4269878e+00
   1.2968966e+01   7.0800062e+00   4.4150509e+00
   1.2980733e+01   7.0753868e+00   4.4105665e+00
   1.2988088e+01   7.0724997e+00   4.4077638e+00
   1.3014628e+01   7.0622220e+00   4.3977625e+00
   1.3060710e+01   7.0452383e+00   4.3811465e+00
   1.3119301e+01   7.0251961e+00   4.3616468e+00
   1.3178488e+01   7.0065246e+00   4.3438370e+00
   1.3238278e+01   6.9892875e+00   4.3279651e+00
   1.3298686e+01   6.9735590e+00   4.3142262e+00
   1.3359715e+01   6.9594188e+00   4.3027568e+00
   1.3421346e+01   6.9469488e+00   4.2936378e+00
   1.3483527e+01   6.9362300e+00   4.2869017e+00
   1.3546183e+01   6.9273396e+00   4.2825409e+00
   1.3609228e+01   6.9203469e+00   4.2805131e+00
   1.3672569e+01   6.9153089e+00   4.2807435e+00
   1.3736127e+01   6.9122663e+00   4.2831230e+00
   1.3799831e+01   6.9112392e+00   4.2875060e+00
   1.3863626e+01   6.9122246e+00   4.2937108e+00
   1.3920373e+01   6.9148647e+00   4.3006587e+00
   1.3955841e+01   6.9174089e+00   4.3056438e+00
   1.3970026e+01   6.9185657e+00   4.3077301e+00
   1.3977119e+01   6.9191441e+00   4.3087733e+00
   1.4005487e+01   6.9215968e+00   4.3130383e+00
   1.4055112e+01   6.9268488e+00   4.3211112e+00
   1.4118825e+01   6.9353443e+00   4.3324910e+00
   1.4182380e+01   6.9454439e+00   4.3447613e+00
   1.4245677e+01   6.9569778e+00   4.3578967e+00
   1.4308578e+01   6.9697468e+00   4.3719643e+00
   1.4370901e+01   6.9835330e+00   4.3871184e+00
   1.4432447e+01   6.9981185e+00   4.4035834e+00
   1.4493021e+01   7.0133127e+00   4.4216262e+00
   1.4552466e+01   7.0289794e+00   4.4415210e+00
   1.4610677e+01   7.0450571e+00   4.4635094e+00
   1.4667601e+01   7.0615661e+00   4.4877624e+00
   1.4723232e+01   7.0786022e+00   4.5143500e+00
   1.4777599e+01   7.0963174e+00   4.5432248e+00
   1.4830753e+01   7.1148912e+00   4.5742239e+00
   1.4877868e+01   7.1326563e+00   4.6040002e+00
   1.4907118e+01   7.1444655e+00   4.6235849e+00
   1.4919252e+01   7.1495078e+00   4.6318829e+00
   1.4924019e+01   7.1514887e+00   4.6351429e+00
   1.4945625e+01   7.1605681e+00   4.6500403e+00
   1.4983586e+01   7.1773503e+00   4.6771568e+00
   1.5032509e+01   7.2007192e+00   4.7137448e+00
   1.5080449e+01   7.2253671e+00   4.7510575e+00
   1.5127350e+01   7.2512132e+00   4.7889697e+00
   1.5173091e+01   7.2781364e+00   4.8274483e+00
   1.5217492e+01   7.3059949e+00   4.8665415e+00
   1.5260343e+01   7.3346479e+00   4.9063597e+00
   1.5301436e+01   7.3639763e+00   4.9470514e+00
   1.5340598e+01   7.3938977e+00   4.9887744e+00
   1.5377720e+01   7.4243710e+00   5.0316650e+00
   1.5412763e+01   7.4553929e+00   5.0758103e+00
   1.5445757e+01   7.4869879e+00   5.1212284e+00
   1.5476784e+01   7.5191946e+00   5.1678605e+00
   1.5505957e+01   7.5520536e+00   5.2155757e+00
   1.5531281e+01   7.5830166e+00   5.2604492e+00
   1.5546604e+01   7.6031651e+00   5.2894750e+00
   1.5553109e+01   7.6119950e+00   5.3021461e+00
   1.5555060e+01   7.6146439e+00   5.3059474e+00
   1.5565391e+01   7.6288051e+00   5.3262458e+00
   1.5583390e+01   7.6547955e+00   5.3632512e+00
   1.5606010e+01   7.6904461e+00   5.4132972e+00
   1.5626997e+01   7.7267785e+00   5.4634751e+00
   1.5646259e+01   7.7637735e+00   5.5136851e+00
   1.5663681e+01   7.8014138e+00   5.5638721e+00
   1.5679148e+01   7.8396867e+00   5.6140171e+00
   1.5692565e+01   7.8785844e+00   5.6641232e+00
   1.5703878e+01   7.9181011e+00   5.7142009e+00
   1.5713075e+01   7.9582267e+00   5.7642541e+00
   1.5720184e+01   7.9989388e+00   5.8142701e+00
   1.5725253e+01   8.0401952e+00   5.8642145e+00
   1.5728334e+01   8.0819303e+00   5.9140323e+00
   1.5729458e+01   8.1240550e+00   5.9636534e+00
   1.5728621e+01   8.1664635e+00   6.0130024e+00
   1.5725950e+01   8.2064958e+00   6.0590761e+00
   1.5723078e+01   8.2323713e+00   6.0885925e+00
   1.5721542e+01   8.2440330e+00   6.1018466e+00
   1.5721206e+01   8.2465840e+00   6.1047460e+00
   1.5718922e+01   8.2633476e+00   6.1237835e+00
   1.5713774e+01   8.2943153e+00   6.1587711e+00
   1.5704440e+01   8.3368656e+00   6.2064598e+00
   1.5692810e+01   8.3793170e+00   6.2536613e+00
   1.5678879e+01   8.4216769e+00   6.3003607e+00
   1.5662697e+01   8.4639749e+00   6.3465367e+00
   1.5644360e+01   8.5062500e+00   6.3921575e+00
   1.5624000e+01   8.5485366e+00   6.4371809e+00
   1.5601760e+01   8.5908495e+00   6.4815602e+00
   1.5577775e+01   8.6331703e+00   6.5252526e+00
   1.5552157e+01   8.6754357e+00   6.5682262e+00
   1.5524980e+01   8.7175298e+00   6.6104651e+00
   1.5496282e+01   8.7592826e+00   6.6519699e+00
   1.5466065e+01   8.8004784e+00   6.6927562e+00
   1.5434297e+01   8.8408738e+00   6.7328511e+00
   1.5402349e+01   8.8785410e+00   6.7706036e+00
   1.5380549e+01   8.9023505e+00   6.7948476e+00
   1.5370175e+01   8.9132594e+00   6.8060643e+00
   1.5368649e+01   8.9148637e+00   6.8077138e+00
   1.5355182e+01   8.9289467e+00   6.8222152e+00
   1.5329079e+01   8.9549332e+00   6.8493346e+00
   1.5290474e+01   8.9899990e+00   6.8869987e+00
   1.5250024e+01   9.0234437e+00   6.9241120e+00
   1.5207730e+01   9.0552694e+00   6.9606803e+00
   1.5163635e+01   9.0855216e+00   6.9967064e+00
   1.5117826e+01   9.1142693e+00   7.0321965e+00
   1.5070432e+01   9.1415855e+00   7.0671656e+00
   1.5021604e+01   9.1675296e+00   7.1016403e+00
   1.4971505e+01   9.1921389e+00   7.1356572e+00
   1.4920292e+01   9.2154282e+00   7.1692571e+00
   1.4868099e+01   9.2374001e+00   7.2024765e+00
   1.4815028e+01   9.2580602e+00   7.2353364e+00
   1.4761145e+01   9.2774339e+00   7.2678298e+00
   1.4706492e+01   9.2955793e+00   7.2999106e+00
   1.4652519e+01   9.3121561e+00   7.3306770e+00
   1.4616573e+01   9.3224442e+00   7.3505209e+00
   1.4599224e+01   9.3272602e+00   7.3599313e+00
   1.4597778e+01   9.3276615e+00   7.3607155e+00
   1.4577527e+01   9.3332682e+00   7.3716831e+00
   1.4538221e+01   9.3437642e+00   7.3925285e+00
   1.4480816e+01   9.3582305e+00   7.4216173e+00
   1.4422813e+01   9.3721383e+00   7.4494852e+00
   1.4364230e+01   9.3855808e+00   7.4759513e+00
   1.4305066e+01   9.3985898e+00   7.5008698e+00
   1.4245305e+01   9.4111245e+00   7.5241391e+00
   1.4184931e+01   9.4230717e+00   7.5457095e+00
   1.4123938e+01   9.4342591e+00   7.5655857e+00
   1.4062334e+01   9.4444770e+00   7.5838269e+00
   1.4000147e+01   9.4535065e+00   7.6005410e+00
   1.3937423e+01   9.4611467e+00   7.6158709e+00
   1.3874218e+01   9.4672371e+00   7.6299751e+00
   1.3810595e+01   9.4716700e+00   7.6430036e+00
   1.3746621e+01   9.4743946e+00   7.6550750e+00
   1.3682908e+01   9.4754031e+00   7.6661641e+00
   1.3640467e+01   9.4749906e+00   7.6729600e+00
   1.3619494e+01   9.4745343e+00   7.6761720e+00
   1.3618942e+01   9.4745223e+00   7.6762565e+00
   1.3596865e+01   9.4740350e+00   7.6796336e+00
   1.3553201e+01   9.4725201e+00   7.6859928e+00
   1.3488398e+01   9.4687659e+00   7.6944622e+00
   1.3423488e+01   9.4635886e+00   7.7019343e+00
   1.3358488e+01   9.4570693e+00   7.7083887e+00
   1.3293416e+01   9.4492760e+00   7.7138499e+00
   1.3228305e+01   9.4402593e+00   7.7183876e+00
   1.3163211e+01   9.4300496e+00   7.7221026e+00
   1.3098218e+01   9.4186566e+00   7.7250983e+00
   1.3033436e+01   9.4060689e+00   7.7274480e+00
   1.2968984e+01   9.3922564e+00   7.7291665e+00
   1.2904981e+01   9.3771744e+00   7.7301957e+00
   1.2841529e+01   9.3607693e+00   7.7304099e+00
   1.2778703e+01   9.3429844e+00   7.7296422e+00
   1.2716541e+01   9.3237639e+00   7.7277253e+00
   1.2655045e+01   9.3030570e+00   7.7245376e+00
   1.2613959e+01   9.2880423e+00   7.7215017e+00
   1.2593267e+01   9.2801659e+00   7.7197470e+00
   1.2592750e+01   9.2799688e+00   7.7197030e+00
   1.2573095e+01   9.2724796e+00   7.7180308e+00
   1.2533471e+01   9.2568027e+00   7.7142462e+00
   1.2474404e+01   9.2316334e+00   7.7074974e+00
   1.2415511e+01   9.2046484e+00   7.6998667e+00
   1.2357378e+01   9.1760574e+00   7.6916874e+00
   1.2300090e+01   9.1458532e+00   7.6832086e+00
   1.2243729e+01   9.1140285e+00   7.6746047e+00
   1.2188356e+01   9.0805829e+00   7.6659456e+00
   1.2134022e+01   9.0455350e+00   7.6571918e+00
   1.2080765e+01   9.0089333e+00   7.6482114e+00
   1.2028615e+01   8.9708590e+00   7.6388145e+00
   1.1977590e+01   8.9314181e+00   7.6287921e+00
   1.1927694e+01   8.8907272e+00   7.6179537e+00
   1.1878912e+01   8.8488991e+00   7.6061526e+00
   1.1831219e+01   8.8060335e+00   7.5932996e+00
   1.1784578e+01   8.7622137e+00   7.5793634e+00
   1.1752992e+01   8.7312644e+00   7.5689770e+00
   1.1736804e+01   8.7150572e+00   7.5633953e+00
   1.1735649e+01   8.7138987e+00   7.5629956e+00
   1.1721785e+01   8.6999971e+00   7.5581994e+00
   1.1693192e+01   8.6707928e+00   7.5479087e+00
   1.1650623e+01   8.6256819e+00   7.5313840e+00
   1.1607870e+01   8.5786687e+00   7.5135634e+00
   1.1566050e+01   8.5309926e+00   7.4949641e+00
   1.1525182e+01   8.4827029e+00   7.4756629e+00
   1.1485314e+01   8.4338432e+00   7.4557256e+00
   1.1446524e+01   8.3844490e+00   7.4351998e+00
   1.1408914e+01   8.3345463e+00   7.4141074e+00
   1.1372607e+01   8.2841521e+00   7.3924382e+00
   1.1337730e+01   8.2332769e+00   7.3701483e+00
   1.1304397e+01   8.1819281e+00   7.3471637e+00
   1.1272702e+01   8.1301122e+00   7.3233933e+00
   1.1242699e+01   8.0778362e+00   7.2987459e+00
   1.1214406e+01   8.0251084e+00   7.2731510e+00
   1.1187807e+01   7.9719380e+00   7.2465760e+00
   1.1170110e+01   7.9339137e+00   7.2270397e+00
   1.1161069e+01   7.9136688e+00   7.2164920e+00
   1.1160045e+01   7.9113672e+00   7.2152910e+00
   1.1153088e+01   7.8957157e+00   7.2071239e+00
   1.1138586e+01   7.8620001e+00   7.1893471e+00
   1.1117729e+01   7.8099273e+00   7.1613526e+00
   1.1097465e+01   7.7551851e+00   7.1314116e+00
   1.1078707e+01   7.7001545e+00   7.1008638e+00
   1.1061451e+01   7.6449108e+00   7.0697582e+00
   1.1045694e+01   7.5895487e+00   7.0380896e+00
   1.1031426e+01   7.5341799e+00   7.0057987e+00
   1.1018618e+01   7.4789222e+00   6.9727857e+00
   1.1007217e+01   7.4238834e+00   6.9389333e+00
   1.0997149e+01   7.3691423e+00   6.9041353e+00
   1.0988321e+01   7.3147352e+00   6.8683242e+00
   1.0980644e+01   7.2606527e+00   6.8314962e+00
   1.0974042e+01   7.2068485e+00   6.7937253e+00
   1.0968465e+01   7.1532551e+00   6.7551651e+00
   1.0963899e+01   7.0998003e+00   6.7160318e+00
   1.0961324e+01   7.0610163e+00   6.6873642e+00
   1.0960175e+01   7.0400285e+00   6.6718281e+00
   1.0960005e+01   7.0368346e+00   6.6694636e+00
   1.0959232e+01   7.0222343e+00   6.6586544e+00
   1.0957781e+01   6.9898383e+00   6.6346563e+00
   1.0956468e+01   6.9395995e+00   6.5975499e+00
   1.0956200e+01   6.8860578e+00   6.5582741e+00
   1.0957080e+01   6.8323847e+00   6.5192183e+00
   1.0959109e+01   6.7785942e+00   6.4803475e+00
   1.0962273e+01   6.7247474e+00   6.4415845e+00
   1.0966546e+01   6.6709494e+00   6.4028324e+00
   1.0971905e+01   6.6173331e+00   6.3639918e+00
   1.0978341e+01   6.5640387e+00   6.3249726e+00
   1.0985862e+01   6.5111917e+00   6.2857012e+00
   1.0994503e+01   6.4588889e+00   6.2461251e+00
   1.1004313e+01   6.4071925e+00   6.2062141e+00
   1.1015353e+01   6.3561319e+00   6.1659595e+00
   1.1027676e+01   6.3057107e+00   6.1253702e+00
   1.1041321e+01   6.2559175e+00   6.0844667e+00
   1.1052462e+01   6.2193470e+00   6.0538370e+00
   1.1058944e+01   6.1993222e+00   6.0368717e+00
   1.1060171e+01   6.1955729e+00   6.0336884e+00
   1.1064262e+01   6.1830752e+00   6.0230775e+00
   1.1073972e+01   6.1544672e+00   5.9986142e+00
   1.1090234e+01   6.1101824e+00   5.9601292e+00
   1.1109119e+01   6.0628258e+00   5.9182185e+00
   1.1129234e+01   6.0161125e+00   5.8761066e+00
   1.1150546e+01   5.9700725e+00   5.8338117e+00
   1.1173033e+01   5.9247349e+00   5.7913582e+00
   1.1196688e+01   5.8801247e+00   5.7487819e+00
   1.1221514e+01   5.8362612e+00   5.7061359e+00
   1.1247530e+01   5.7931582e+00   5.6634947e+00
   1.1274771e+01   5.7508240e+00   5.6209545e+00
   1.1303281e+01   5.7092598e+00   5.5786300e+00
   1.1333118e+01   5.6684563e+00   5.5366459e+00
   1.1364340e+01   5.6283906e+00   5.4951243e+00
   1.1397005e+01   5.5890250e+00   5.4541715e+00
   1.1431151e+01   5.5503109e+00   5.4138637e+00
   1.1458260e+01   5.5213196e+00   5.3837217e+00
   1.1473892e+01   5.5051872e+00   5.3669738e+00
   1.1477351e+01   5.5016455e+00   5.3632981e+00
   1.1486154e+01   5.4926303e+00   5.3539419e+00
   1.1507517e+01   5.4711740e+00   5.3316907e+00
   1.1542414e+01   5.4376611e+00   5.2969833e+00
   1.1582254e+01   5.4012562e+00   5.2592429e+00
   1.1623309e+01   5.3655048e+00   5.2219895e+00
   1.1665472e+01   5.3305013e+00   5.1851424e+00
   1.1708657e+01   5.2963457e+00   5.1486339e+00
   1.1752806e+01   5.2631189e+00   5.1124191e+00
   1.1797892e+01   5.2308643e+00   5.0764837e+00
   1.1843906e+01   5.1995781e+00   5.0408476e+00
   1.1890850e+01   5.1692123e+00   5.0055637e+00
   1.1938713e+01   5.1396873e+00   4.9707111e+00
   1.1987473e+01   5.1109101e+00   4.9363837e+00
   1.2037095e+01   5.0827963e+00   4.9026778e+00
   1.2087535e+01   5.0552886e+00   4.8696818e+00
   1.2138754e+01   5.0283705e+00   4.8374719e+00
   1.2179173e+01   5.0079156e+00   4.8130802e+00
   1.2202488e+01   4.9964309e+00   4.7994091e+00
   1.2208331e+01   4.9935730e+00   4.7960083e+00
   1.2220015e+01   4.9878573e+00   4.7892066e+00
   1.2249364e+01   4.9737013e+00   4.7723720e+00
   1.2296871e+01   4.9516312e+00   4.7461351e+00
   1.2351083e+01   4.9276831e+00   4.7175927e+00
   1.2406098e+01   4.9046960e+00   4.6900410e+00
   1.2461955e+01   4.8827152e+00   4.6634801e+00
   1.2518684e+01   4.8617421e+00   4.6378920e+00
   1.2576286e+01   4.8417368e+00   4.6132445e+00
   1.2634732e+01   4.8226311e+00   4.5894989e+00
   1.2693952e+01   4.8043489e+00   4.5666221e+00
   1.2753849e+01   4.7868298e+00   4.5446002e+00
   1.2814308e+01   4.7700502e+00   4.5234493e+00
   1.2875222e+01   4.7540354e+00   4.5032215e+00
   1.2936505e+01   4.7388604e+00   4.4840024e+00
   1.2998110e+01   4.7246388e+00   4.4659005e+00
   1.3060028e+01   4.7115019e+00   4.4490307e+00
   1.3109518e+01   4.7020212e+00   4.4366833e+00
   1.3138380e+01   4.6969333e+00   4.4299653e+00
   1.3146407e+01   4.6955526e+00   4.4281345e+00
   1.3159251e+01   4.6933436e+00   4.4252051e+00
   1.3193034e+01   4.6877643e+00   4.4177522e+00
   1.3248044e+01   4.6796862e+00   4.4067102e+00
   1.3311627e+01   4.6717786e+00   4.3955058e+00
   1.3375701e+01   4.6651868e+00   4.3857397e+00
   1.3440242e+01   4.6598362e+00   4.3773705e+00
   1.3505196e+01   4.6556361e+00   4.3703505e+00
   1.3570488e+01   4.6524952e+00   4.3646360e+00
   1.3636035e+01   4.6503341e+00   4.3601933e+00
   1.3701757e+01   4.6490921e+00   4.3570007e+00
   1.3767581e+01   4.6487291e+00   4.3550467e+00
   1.3833446e+01   4.6492246e+00   4.3543265e+00
   1.3899301e+01   4.6505730e+00   4.3548386e+00
   1.3965101e+01   4.6527800e+00   4.3565823e+00
   1.4030806e+01   4.6558577e+00   4.3595567e+00
   1.4096379e+01   4.6598215e+00   4.3637609e+00
   1.4149486e+01   4.6637712e+00   4.3681724e+00
   1.4180724e+01   4.6664125e+00   4.3711945e+00
   1.4190200e+01   4.6672432e+00   4.3721508e+00
   1.4202464e+01   4.6683182e+00   4.3733883e+00
   1.4236437e+01   4.6714332e+00   4.3769998e+00
   1.4291984e+01   4.6771506e+00   4.3837380e+00
   1.4356744e+01   4.6847468e+00   4.3928362e+00
   1.4421271e+01   4.6932304e+00   4.4031305e+00
   1.4485573e+01   4.7025689e+00   4.4145898e+00
   1.4549672e+01   4.7127177e+00   4.4271664e+00
   1.4613591e+01   4.7236218e+00   4.4407938e+00
   1.4677358e+01   4.7352196e+00   4.4553874e+00
   1.4740996e+01   4.7474477e+00   4.4708468e+00
   1.4804512e+01   4.7602476e+00   4.4870624e+00
   1.4867895e+01   4.7735733e+00   4.5039245e+00
   1.4931108e+01   4.7873983e+00   4.5213342e+00
   1.4994094e+01   4.8017225e+00   4.5392140e+00
   1.5056782e+01   4.8165739e+00   4.5575155e+00
   1.5119104e+01   4.8320059e+00   4.5762210e+00
   1.5170421e+01   4.8453400e+00   4.5920712e+00
   1.5200937e+01   4.8535809e+00   4.6017097e+00
   1.5210916e+01   4.8563106e+00   4.6048849e+00
   1.5221419e+01   4.8591839e+00   4.6082272e+00
   1.5252346e+01   4.8677585e+00   4.6181452e+00
   1.5303420e+01   4.8825042e+00   4.6349123e+00
   1.5363941e+01   4.9009515e+00   4.6554081e+00
   1.5424028e+01   4.9202670e+00   4.6763781e+00
   1.5483693e+01   4.9404561e+00   4.6977988e+00
   1.5542932e+01   4.9615122e+00   4.7196321e+00
   1.5601721e+01   4.9834287e+00   4.7418361e+00
   1.5660013e+01   5.0062086e+00   4.7643754e+00
   1.5717749e+01   5.0298703e+00   4.7872293e+00
   1.5774868e+01   5.0544467e+00   4.8103953e+00
   1.5831312e+01   5.0799798e+00   4.8338868e+00
   1.5887037e+01   5.1065126e+00   4.8577279e+00
   1.5942015e+01   5.1340804e+00   4.8819474e+00
   1.5996237e+01   5.1627039e+00   4.9065731e+00
   1.6049712e+01   5.1923847e+00   4.9316283e+00
   1.6094353e+01   5.2183763e+00   4.9532066e+00
   1.6121144e+01   5.2345196e+00   4.9664642e+00
   1.6130490e+01   5.2402158e+00   4.9711264e+00
   1.6138501e+01   5.2450983e+00   4.9751226e+00
   1.6163797e+01   5.2606665e+00   4.9878287e+00
   1.6206036e+01   5.2874382e+00   5.0095027e+00
   1.6256967e+01   5.3208914e+00   5.0363696e+00
   1.6307403e+01   5.3550573e+00   5.0636753e+00
   1.6357374e+01   5.3898163e+00   5.0914037e+00
   1.6406875e+01   5.4250572e+00   5.1195403e+00
   1.6455867e+01   5.4606921e+00   5.1480779e+00
   1.6504284e+01   5.4966694e+00   5.1770212e+00
   1.6552044e+01   5.5329772e+00   5.2063880e+00
   1.6599064e+01   5.5696391e+00   5.2362055e+00
   1.6645273e+01   5.6067024e+00   5.2665044e+00
   1.6690619e+01   5.6442227e+00   5.2973118e+00
   1.6735070e+01   5.6822505e+00   5.3286458e+00
   1.6778607e+01   5.7208226e+00   5.3605135e+00
   1.6821223e+01   5.7599592e+00   5.3929129e+00
   1.6857217e+01   5.7942359e+00   5.4213349e+00
   1.6878931e+01   5.8155144e+00   5.4390001e+00
   1.6886934e+01   5.8234402e+00   5.4455832e+00
   1.6892501e+01   5.8289538e+00   5.4501627e+00
   1.6911552e+01   5.8479601e+00   5.4659543e+00
   1.6943612e+01   5.8807538e+00   5.4932333e+00
   1.6982669e+01   5.9220928e+00   5.5276911e+00
   1.7020924e+01   5.9639162e+00   5.5626406e+00
   1.7058420e+01   6.0061762e+00   5.5980600e+00
   1.7095185e+01   6.0488191e+00   5.6339164e+00
   1.7131217e+01   6.0917931e+00   5.6701687e+00
   1.7166477e+01   6.1350584e+00   5.7067745e+00
   1.7200893e+01   6.1785953e+00   5.7436981e+00
   1.7234369e+01   6.2224075e+00   5.7809174e+00
   1.7266795e+01   6.2665179e+00   5.8184277e+00
   1.7298068e+01   6.3109601e+00   5.8562396e+00
   1.7328095e+01   6.3557668e+00   5.8943754e+00
   1.7356797e+01   6.4009610e+00   5.9328639e+00
   1.7384115e+01   6.4465513e+00   5.9717372e+00
   1.7406909e+01   6.4870296e+00   6.0063277e+00
   1.7420422e+01   6.5123476e+00   6.0280249e+00
   1.7425602e+01   6.5222615e+00   6.0365330e+00
   1.7428503e+01   6.5278133e+00   6.0412976e+00
   1.7439367e+01   6.5488593e+00   6.0593737e+00
   1.7457453e+01   6.5855736e+00   6.0910130e+00
   1.7479040e+01   6.6325614e+00   6.1317730e+00
   1.7499258e+01   6.6797903e+00   6.1730804e+00
   1.7518165e+01   6.7271955e+00   6.2149470e+00
   1.7535815e+01   6.7747103e+00   6.2573687e+00
   1.7552250e+01   6.8222780e+00   6.3003246e+00
   1.7567498e+01   6.8698634e+00   6.3437779e+00
   1.7581570e+01   6.9174609e+00   6.3876749e+00
   1.7594472e+01   6.9650938e+00   6.4319447e+00
   1.7606209e+01   7.0128071e+00   6.4764991e+00
   1.7616790e+01   7.0606560e+00   6.5212359e+00
   1.7626225e+01   7.1086940e+00   6.5660490e+00
   1.7634522e+01   7.1569663e+00   6.6108428e+00
   1.7641688e+01   7.2055061e+00   6.6555490e+00
   1.7647113e+01   7.2493261e+00   6.6955654e+00
   1.7650000e+01   7.2770105e+00   6.7206688e+00
   1.7651095e+01   7.2883586e+00   6.7309324e+00
   1.7651582e+01   7.2934022e+00   6.7354940e+00
   1.7653581e+01   7.3148565e+00   6.7548758e+00
   1.7656577e+01   7.3528577e+00   6.7890481e+00
   1.7659488e+01   7.4024961e+00   6.8334642e+00
   1.7661488e+01   7.4522948e+00   6.8779140e+00
   1.7662630e+01   7.5021460e+00   6.9224119e+00
   1.7662923e+01   7.5519259e+00   6.9669447e+00
   1.7662310e+01   7.6015218e+00   7.0114863e+00
   1.7660682e+01   7.6508634e+00   7.0560212e+00
   1.7657917e+01   7.6999479e+00   7.1005631e+00
   1.7653934e+01   7.7488462e+00   7.1451574e+00
   1.7648741e+01   7.7976837e+00   7.1898590e+00
   1.7642457e+01   7.8465998e+00   7.2346913e+00
   1.7635293e+01   7.8957022e+00   7.2796038e+00
   1.7627488e+01   7.9450372e+00   7.3244525e+00
   1.7619227e+01   7.9945953e+00   7.3690222e+00
   1.7611308e+01   8.0400919e+00   7.4093172e+00
   1.7606033e+01   8.0690885e+00   7.4345720e+00
   1.7603725e+01   8.0814694e+00   7.4452708e+00
   1.7602930e+01   8.0857387e+00   7.4489600e+00
   1.7598997e+01   8.1066667e+00   7.4669954e+00
   1.7591617e+01   8.1443263e+00   7.4990051e+00
   1.7580897e+01   8.1945744e+00   7.5407487e+00
   1.7569081e+01   8.2450390e+00   7.5817583e+00
   1.7556076e+01   8.2957569e+00   7.6221711e+00
   1.7541895e+01   8.3467378e+00   7.6621331e+00
   1.7526634e+01   8.3979476e+00   7.7017575e+00
   1.7510414e+01   8.4493121e+00   7.7411062e+00
   1.7493332e+01   8.5007373e+00   7.7801967e+00
   1.7475443e+01   8.5521382e+00   7.8190257e+00
   1.7456760e+01   8.6034580e+00   7.8575948e+00
   1.7437278e+01   8.6546697e+00   7.8959221e+00
   1.7417002e+01   8.7057604e+00   7.9340386e+00
   1.7395950e+01   8.7567115e+00   7.9719754e+00
   1.7374147e+01   8.8074879e+00   8.0097535e+00
   1.7353149e+01   8.8545838e+00   8.0448076e+00
   1.7339268e+01   8.8846795e+00   8.0672368e+00
   1.7333041e+01   8.8979740e+00   8.0771523e+00
   1.7331434e+01   8.9014048e+00   8.0797112e+00
   1.7321961e+01   8.9215479e+00   8.0947377e+00
   1.7304292e+01   8.9582591e+00   8.1221590e+00
   1.7279457e+01   9.0078215e+00   8.1592679e+00
   1.7253769e+01   9.0569475e+00   8.1961294e+00
   1.7227149e+01   9.1055852e+00   8.2326791e+00
   1.7199493e+01   9.1537025e+00   8.2688640e+00
   1.7170694e+01   9.2013050e+00   8.3046764e+00
   1.7140690e+01   9.2484367e+00   8.3401791e+00
   1.7109508e+01   9.2951561e+00   8.3755045e+00
   1.7077297e+01   9.3414950e+00   8.4108279e+00
   1.7044309e+01   9.3874242e+00   8.4463291e+00
   1.7010830e+01   9.4328532e+00   8.4821642e+00
   1.6977086e+01   9.4776658e+00   8.5184563e+00
   1.6943175e+01   9.5217639e+00   8.5552933e+00
   1.6909070e+01   9.5650959e+00   8.5927242e+00
   1.6876433e+01   9.6054897e+00   8.6288110e+00
   1.6855040e+01   9.6313061e+00   8.6525554e+00
   1.6845184e+01   9.6430702e+00   8.6635049e+00
   1.6843392e+01   9.6452091e+00   8.6654957e+00
   1.6829939e+01   9.6612342e+00   8.6804432e+00
   1.6804647e+01   9.6909180e+00   8.7085737e+00
   1.6769009e+01   9.7318398e+00   8.7482166e+00
   1.6733024e+01   9.7724338e+00   8.7881524e+00
   1.6696750e+01   9.8127361e+00   8.8281202e+00
   1.6660185e+01   9.8527365e+00   8.8677930e+00
   1.6623237e+01   9.8924230e+00   8.9068457e+00
   1.6585732e+01   9.9318222e+00   8.9450319e+00
   1.6547456e+01   9.9710114e+00   8.9822378e+00
   1.6508233e+01   1.0010101e+01   9.0185027e+00
   1.6467989e+01   1.0049191e+01   9.0539982e+00
   1.6426787e+01   1.0088318e+01   9.0889688e+00
   1.6384815e+01   1.0127413e+01   9.1236511e+00
   1.6342302e+01   1.0166301e+01   9.1582032e+00
   1.6299412e+01   1.0204756e+01   9.1926778e+00
   1.6257640e+01   1.0241288e+01   9.2258751e+00
   1.6230006e+01   1.0264768e+01   9.2475339e+00
   1.6216858e+01   1.0275773e+01   9.2577625e+00
   1.6215356e+01   1.0277031e+01   9.2589315e+00
   1.6199192e+01   1.0290538e+01   9.2714960e+00
   1.6168138e+01   1.0316005e+01   9.2954129e+00
   1.6123178e+01   1.0351650e+01   9.3295171e+00
   1.6077619e+01   1.0386676e+01   9.3637290e+00
   1.6031596e+01   1.0421150e+01   9.3981800e+00
   1.5985274e+01   1.0455117e+01   9.4329732e+00
   1.5938785e+01   1.0488601e+01   9.4681496e+00
   1.5892198e+01   1.0521589e+01   9.5036427e+00
   1.5845494e+01   1.0554029e+01   9.5392389e+00
   1.5798573e+01   1.0585841e+01   9.5745958e+00
   1.5751266e+01   1.0616975e+01   9.6093313e+00
   1.5703389e+01   1.0647434e+01   9.6430876e+00
   1.5654816e+01   1.0677235e+01   9.6755011e+00
   1.5605327e+01   1.0706443e+01   9.7062192e+00
   1.5554607e+01   1.0735281e+01   9.7351876e+00
   1.5503589e+01   1.0763445e+01   9.7621429e+00
   1.5469171e+01   1.0782041e+01   9.7791478e+00
   1.5452280e+01   1.0791111e+01   9.7873083e+00
   1.5451367e+01   1.0791601e+01   9.7877494e+00
   1.5432642e+01   1.0801652e+01   9.7967850e+00
   1.5395787e+01   1.0821304e+01   9.8141415e+00
   1.5341303e+01   1.0850182e+01   9.8391664e+00
   1.5286545e+01   1.0879120e+01   9.8640624e+00
   1.5231513e+01   1.0908099e+01   9.8889273e+00
   1.5175924e+01   1.0937137e+01   9.9137080e+00
   1.5120268e+01   1.0966095e+01   9.9386866e+00
   1.5065192e+01   1.0994795e+01   9.9642057e+00
   1.5012612e+01   1.1022387e+01   9.9904527e+00
   1.4965740e+01   1.1046797e+01   1.0016645e+01
   1.4929528e+01   1.1063999e+01   1.0039948e+01
   1.4905659e+01   1.1072262e+01   1.0058114e+01
   1.4890774e+01   1.1076577e+01   1.0072169e+01
   1.4880944e+01   1.1085791e+01   1.0083298e+01
   1.4872455e+01   1.1102424e+01   1.0095466e+01
   1.4861027e+01   1.1125242e+01   1.0115755e+01
   1.4851149e+01   1.1143914e+01   1.0135007e+01
   1.4846232e+01   1.1153235e+01   1.0144592e+01
