   1.0583590e+01   1.2233797e+01   1.5869585e+01
   1.0565758e+01   1.2223525e+01   1.5883427e+01
   1.0530097e+01   1.2202983e+01   1.5911111e+01
   1.0476968e+01   1.2175023e+01   1.5951420e+01
   1.0424050e+01   1.2152163e+01   1.5989779e+01
   1.0370826e+01   1.2135924e+01   1.6025881e+01
   1.0316697e+01   1.2127158e+01   1.6059658e+01
   1.0261214e+01   1.2126139e+01   1.6091130e+01
   1.0204196e+01   1.2132668e+01   1.6120321e+01
   1.0145759e+01   1.2146198e+01   1.6147215e+01
   1.0086273e+01   1.2165962e+01   1.6171763e+01
   1.0026266e+01   1.2191123e+01   1.6193885e+01
   9.9663180e+00   1.2220897e+01   1.6213492e+01
   9.9069845e+00   1.2254637e+01   1.6230485e+01
   9.8487532e+00   1.2291860e+01   1.6244752e+01
   9.8022098e+00   1.2324982e+01   1.6254119e+01
   9.7752254e+00   1.2345686e+01   1.6258618e+01
   9.7667729e+00   1.2352325e+01   1.6259931e+01
   9.7569116e+00   1.2360070e+01   1.6261462e+01
   9.7290044e+00   1.2382590e+01   1.6265417e+01
   9.6843055e+00   1.2421531e+01   1.6269913e+01
   9.6337248e+00   1.2470129e+01   1.6272000e+01
   9.5855060e+00   1.2521128e+01   1.6270788e+01
   9.5397226e+00   1.2574320e+01   1.6266255e+01
   9.4964197e+00   1.2629470e+01   1.6258436e+01
   9.4556240e+00   1.2686326e+01   1.6247414e+01
   9.4173483e+00   1.2744636e+01   1.6233316e+01
   9.3815883e+00   1.2804170e+01   1.6216297e+01
   9.3483132e+00   1.2864728e+01   1.6196534e+01
   9.3174579e+00   1.2926145e+01   1.6174218e+01
   9.2889210e+00   1.2988283e+01   1.6149556e+01
   9.2625758e+00   1.3051013e+01   1.6122763e+01
   9.2389161e+00   1.3112570e+01   1.6094798e+01
   9.2245625e+00   1.3153239e+01   1.6075356e+01
   9.2179482e+00   1.3172771e+01   1.6065808e+01
   9.2173970e+00   1.3174399e+01   1.6065012e+01
   9.2097071e+00   1.3197187e+01   1.6053852e+01
   9.1955986e+00   1.3241160e+01   1.6031766e+01
   9.1772205e+00   1.3304489e+01   1.5998494e+01
   9.1610072e+00   1.3367352e+01   1.5963914e+01
   9.1472050e+00   1.3429467e+01   1.5928007e+01
   9.1361017e+00   1.3490562e+01   1.5890673e+01
   9.1279737e+00   1.3550396e+01   1.5851753e+01
   9.1230318e+00   1.3608757e+01   1.5811055e+01
   9.1213819e+00   1.3665461e+01   1.5768396e+01
   9.1230095e+00   1.3720340e+01   1.5723635e+01
   9.1277904e+00   1.3773230e+01   1.5676696e+01
   9.1355262e+00   1.3823970e+01   1.5627584e+01
   9.1459935e+00   1.3872403e+01   1.5576384e+01
   9.1589953e+00   1.3918388e+01   1.5523253e+01
   9.1712401e+00   1.3952910e+01   1.5479656e+01
   9.1791022e+00   1.3972115e+01   1.5453878e+01
   9.1813445e+00   1.3977385e+01   1.5446685e+01
   9.1849321e+00   1.3985817e+01   1.5435175e+01
   9.1947416e+00   1.4007514e+01   1.5404743e+01
   9.2123025e+00   1.4040775e+01   1.5354665e+01
   9.2349143e+00   1.4076283e+01   1.5296412e+01
   9.2601009e+00   1.4109180e+01   1.5237689e+01
   9.2879579e+00   1.4139502e+01   1.5178820e+01
   9.3185446e+00   1.4167275e+01   1.5120090e+01
   9.3518688e+00   1.4192494e+01   1.5061732e+01
   9.3878809e+00   1.4215121e+01   1.5003917e+01
   9.4264782e+00   1.4235090e+01   1.4946764e+01
   9.4675144e+00   1.4252324e+01   1.4890346e+01
   9.5108121e+00   1.4266750e+01   1.4834710e+01
   9.5561751e+00   1.4278317e+01   1.4779894e+01
   9.6033979e+00   1.4286997e+01   1.4725938e+01
   9.6497653e+00   1.4292486e+01   1.4675622e+01
   9.6806612e+00   1.4294401e+01   1.4643553e+01
   9.6949733e+00   1.4294933e+01   1.4628984e+01
   9.6975755e+00   1.4295029e+01   1.4626335e+01
   9.7171297e+00   1.4295667e+01   1.4606500e+01
   9.7541440e+00   1.4295654e+01   1.4569929e+01
   9.8067421e+00   1.4292696e+01   1.4520195e+01
   9.8601989e+00   1.4286745e+01   1.4471762e+01
   9.9143483e+00   1.4277737e+01   1.4424710e+01
   9.9690453e+00   1.4265618e+01   1.4379095e+01
   1.0024169e+01   1.4250362e+01   1.4334941e+01
   1.0079621e+01   1.4231989e+01   1.4292250e+01
   1.0135322e+01   1.4210580e+01   1.4251010e+01
   1.0191207e+01   1.4186270e+01   1.4211212e+01
   1.0247216e+01   1.4159246e+01   1.4172860e+01
   1.0303291e+01   1.4129721e+01   1.4135985e+01
   1.0359372e+01   1.4097917e+01   1.4100657e+01
   1.0415392e+01   1.4064042e+01   1.4066985e+01
   1.0458384e+01   1.4036528e+01   1.4042473e+01
   1.0482690e+01   1.4020437e+01   1.4029151e+01
   1.0488405e+01   1.4016624e+01   1.4026049e+01
   1.0501265e+01   1.4008043e+01   1.4019068e+01
   1.0532656e+01   1.3986732e+01   1.4002406e+01
   1.0582392e+01   1.3951563e+01   1.3977564e+01
   1.0637477e+01   1.3910758e+01   1.3952279e+01
   1.0692166e+01   1.3868346e+01   1.3929567e+01
   1.0746399e+01   1.3824307e+01   1.3909555e+01
   1.0800111e+01   1.3778608e+01   1.3892295e+01
   1.0853234e+01   1.3731208e+01   1.3877749e+01
   1.0905691e+01   1.3682082e+01   1.3865787e+01
   1.0957402e+01   1.3631224e+01   1.3856196e+01
   1.1008297e+01   1.3578669e+01   1.3848704e+01
   1.1058330e+01   1.3524492e+01   1.3843021e+01
   1.1107489e+01   1.3468824e+01   1.3838878e+01
   1.1155796e+01   1.3411845e+01   1.3836073e+01
   1.1199644e+01   1.3358258e+01   1.3834619e+01
   1.1227259e+01   1.3323604e+01   1.3834332e+01
   1.1239191e+01   1.3308479e+01   1.3834337e+01
   1.1242771e+01   1.3303942e+01   1.3834338e+01
   1.1261827e+01   1.3279714e+01   1.3834407e+01
   1.1296021e+01   1.3235562e+01   1.3835144e+01
   1.1341215e+01   1.3175903e+01   1.3837650e+01
   1.1385506e+01   1.3116124e+01   1.3841897e+01
   1.1428695e+01   1.3056290e+01   1.3848113e+01
   1.1470496e+01   1.2996377e+01   1.3856492e+01
   1.1510551e+01   1.2936291e+01   1.3867172e+01
   1.1548473e+01   1.2875903e+01   1.3880224e+01
   1.1583887e+01   1.2815075e+01   1.3895658e+01
   1.1616473e+01   1.2753699e+01   1.3913443e+01
   1.1645995e+01   1.2691725e+01   1.3933522e+01
   1.1672302e+01   1.2629179e+01   1.3955839e+01
   1.1695318e+01   1.2566174e+01   1.3980349e+01
   1.1715020e+01   1.2502895e+01   1.4007026e+01
   1.1727217e+01   1.2455809e+01   1.4028466e+01
   1.1733122e+01   1.2429880e+01   1.4040839e+01
   1.1734201e+01   1.2425021e+01   1.4043178e+01
   1.1737796e+01   1.2408822e+01   1.4050975e+01
   1.1745327e+01   1.2371622e+01   1.4069396e+01
   1.1754497e+01   1.2313725e+01   1.4099985e+01
   1.1761307e+01   1.2251558e+01   1.4135245e+01
   1.1765109e+01   1.2190031e+01   1.4172562e+01
   1.1766051e+01   1.2129163e+01   1.4211819e+01
   1.1764315e+01   1.2068934e+01   1.4252840e+01
   1.1760099e+01   1.2009303e+01   1.4295389e+01
   1.1753590e+01   1.1950238e+01   1.4339186e+01
   1.1744945e+01   1.1891733e+01   1.4383923e+01
   1.1734262e+01   1.1833816e+01   1.4429292e+01
   1.1721574e+01   1.1776550e+01   1.4475019e+01
   1.1706847e+01   1.1720029e+01   1.4520885e+01
   1.1689996e+01   1.1664367e+01   1.4566738e+01
   1.1672868e+01   1.1615304e+01   1.4607808e+01
   1.1660982e+01   1.1585006e+01   1.4633571e+01
   1.1655927e+01   1.1572710e+01   1.4644103e+01
   1.1653680e+01   1.1567245e+01   1.4648784e+01
   1.1643970e+01   1.1544101e+01   1.4668671e+01
   1.1625607e+01   1.1503904e+01   1.4703724e+01
   1.1599237e+01   1.1453064e+01   1.4749252e+01
   1.1570347e+01   1.1403761e+01   1.4794786e+01
   1.1538951e+01   1.1356087e+01   1.4840357e+01
   1.1505095e+01   1.1310101e+01   1.4885972e+01
   1.1468853e+01   1.1265833e+01   1.4931605e+01
   1.1430320e+01   1.1223293e+01   1.4977208e+01
   1.1389609e+01   1.1182489e+01   1.5022709e+01
   1.1346844e+01   1.1143449e+01   1.5068025e+01
   1.1302153e+01   1.1106237e+01   1.5113070e+01
   1.1255656e+01   1.1070963e+01   1.5157765e+01
   1.1207454e+01   1.1037781e+01   1.5202040e+01
   1.1157622e+01   1.1006873e+01   1.5245844e+01
   1.1120708e+01   1.0986447e+01   1.5276925e+01
   1.1100587e+01   1.0976085e+01   1.5293456e+01
   1.1097899e+01   1.0974713e+01   1.5295659e+01
   1.1083109e+01   1.0967171e+01   1.5307770e+01
   1.1050437e+01   1.0951400e+01   1.5334053e+01
   1.0998714e+01   1.0929469e+01   1.5374083e+01
   1.0942671e+01   1.0909115e+01   1.5415695e+01
   1.0885147e+01   1.0891508e+01   1.5456698e+01
   1.0826216e+01   1.0876585e+01   1.5497054e+01
   1.0765994e+01   1.0864262e+01   1.5536724e+01
   1.0704623e+01   1.0854461e+01   1.5575672e+01
   1.0642273e+01   1.0847126e+01   1.5613878e+01
   1.0579125e+01   1.0842237e+01   1.5651348e+01
   1.0515364e+01   1.0839804e+01   1.5688123e+01
   1.0451178e+01   1.0839859e+01   1.5724275e+01
   1.0386750e+01   1.0842443e+01   1.5759895e+01
   1.0322258e+01   1.0847592e+01   1.5795078e+01
   1.0266129e+01   1.0854346e+01   1.5825428e+01
   1.0231576e+01   1.0859661e+01   1.5844021e+01
   1.0218435e+01   1.0861853e+01   1.5851080e+01
   1.0210222e+01   1.0863222e+01   1.5855492e+01
   1.0180687e+01   1.0868389e+01   1.5871341e+01
   1.0130043e+01   1.0878753e+01   1.5898415e+01
   1.0066845e+01   1.0894499e+01   1.5931951e+01
   1.0004234e+01   1.0913007e+01   1.5964780e+01
   9.9422287e+00   1.0934324e+01   1.5996690e+01
   9.8807907e+00   1.0958473e+01   1.6027484e+01
   9.8198278e+00   1.0985427e+01   1.6057013e+01
   9.7592122e+00   1.1015085e+01   1.6085204e+01
   9.6988092e+00   1.1047261e+01   1.6112061e+01
   9.6385111e+00   1.1081694e+01   1.6137643e+01
   9.5782673e+00   1.1118066e+01   1.6162026e+01
   9.5181007e+00   1.1156043e+01   1.6185257e+01
   9.4581087e+00   1.1195323e+01   1.6207309e+01
   9.3984464e+00   1.1235680e+01   1.6228061e+01
   9.3574980e+00   1.1264277e+01   1.6241379e+01
   9.3364002e+00   1.1279286e+01   1.6247936e+01
   9.3348939e+00   1.1280359e+01   1.6248402e+01
   9.3168184e+00   1.1293234e+01   1.6254001e+01
   9.2793709e+00   1.1320337e+01   1.6265123e+01
   9.2232463e+00   1.1362476e+01   1.6280040e+01
   9.1665977e+00   1.1406864e+01   1.6292928e+01
   9.1109516e+00   1.1452538e+01   1.6303159e+01
   9.0563106e+00   1.1499620e+01   1.6310594e+01
   9.0026457e+00   1.1548183e+01   1.6315198e+01
   8.9499162e+00   1.1598230e+01   1.6317039e+01
   8.8980900e+00   1.1649699e+01   1.6316264e+01
   8.8471594e+00   1.1702481e+01   1.6313071e+01
   8.7971513e+00   1.1756439e+01   1.6307678e+01
   8.7481310e+00   1.1811430e+01   1.6300294e+01
   8.7001994e+00   1.1867327e+01   1.6291095e+01
   8.6534832e+00   1.1924024e+01   1.6280213e+01
   8.6151004e+00   1.1972609e+01   1.6269647e+01
   8.5924264e+00   1.2002316e+01   1.6262621e+01
   8.5845656e+00   1.2012744e+01   1.6260086e+01
   8.5778278e+00   1.2021682e+01   1.6257912e+01
   8.5566662e+00   1.2050059e+01   1.6250851e+01
   8.5219907e+00   1.2098219e+01   1.6238002e+01
   8.4814296e+00   1.2157478e+01   1.6220690e+01
   8.4426237e+00   1.2217240e+01   1.6201652e+01
   8.4055951e+00   1.2277428e+01   1.6180805e+01
   8.3703388e+00   1.2337950e+01   1.6158076e+01
   8.3368345e+00   1.2398703e+01   1.6133412e+01
   8.3050598e+00   1.2459581e+01   1.6106790e+01
   8.2750031e+00   1.2520485e+01   1.6078219e+01
   8.2466720e+00   1.2581319e+01   1.6047730e+01
   8.2200947e+00   1.2641997e+01   1.6015374e+01
   8.1953149e+00   1.2702434e+01   1.5981206e+01
   8.1723807e+00   1.2762542e+01   1.5945272e+01
   8.1513319e+00   1.2822223e+01   1.5907601e+01
   8.1385701e+00   1.2861645e+01   1.5881335e+01
   8.1325063e+00   1.2881243e+01   1.5867913e+01
   8.1264425e+00   1.2900840e+01   1.5854490e+01
   8.1149490e+00   1.2939807e+01   1.5827064e+01
   8.0995837e+00   1.2997417e+01   1.5784162e+01
   8.0860487e+00   1.3054022e+01   1.5739466e+01
   8.0742925e+00   1.3109462e+01   1.5692953e+01
   8.0642667e+00   1.3163592e+01   1.5644612e+01
   8.0559339e+00   1.3216297e+01   1.5594451e+01
   8.0492696e+00   1.3267493e+01   1.5542501e+01
   8.0442603e+00   1.3317125e+01   1.5488821e+01
   8.0408978e+00   1.3365164e+01   1.5433490e+01
   8.0391737e+00   1.3411589e+01   1.5376611e+01
   8.0390771e+00   1.3456380e+01   1.5318299e+01
   8.0405964e+00   1.3499505e+01   1.5258681e+01
   8.0437264e+00   1.3540920e+01   1.5197884e+01
   8.0476241e+00   1.3573447e+01   1.5147135e+01
   8.0505271e+00   1.3592105e+01   1.5116671e+01
   8.0515035e+00   1.3597931e+01   1.5107019e+01
   8.0526426e+00   1.3604727e+01   1.5095759e+01
   8.0561294e+00   1.3623887e+01   1.5063467e+01
   8.0629978e+00   1.3654261e+01   1.5009652e+01
   8.0729114e+00   1.3688205e+01   1.4945344e+01
   8.0847184e+00   1.3720176e+01   1.4880430e+01
   8.0985143e+00   1.3750197e+01   1.4815007e+01
   8.1143767e+00   1.3778328e+01   1.4749169e+01
   8.1323520e+00   1.3804675e+01   1.4683010e+01
   8.1524470e+00   1.3829373e+01   1.4616625e+01
   8.1746301e+00   1.3852582e+01   1.4550119e+01
   8.1988393e+00   1.3874469e+01   1.4483612e+01
   8.2249974e+00   1.3895198e+01   1.4417244e+01
   8.2530301e+00   1.3914917e+01   1.4351173e+01
   8.2828824e+00   1.3933749e+01   1.4285575e+01
   8.3137193e+00   1.3951325e+01   1.4222298e+01
   8.3351206e+00   1.3962435e+01   1.4181178e+01
   8.3456550e+00   1.3967666e+01   1.4161577e+01
   8.3465329e+00   1.3968102e+01   1.4159944e+01
   8.3588485e+00   1.3974194e+01   1.4137090e+01
   8.3832884e+00   1.3985678e+01   1.4093379e+01
   8.4204909e+00   1.4001534e+01   1.4031331e+01
   8.4596411e+00   1.4016602e+01   1.3970441e+01
   8.5007600e+00   1.4030790e+01   1.3910734e+01
   8.5438253e+00   1.4043978e+01   1.3852191e+01
   8.5887630e+00   1.4056021e+01   1.3794762e+01
   8.6354495e+00   1.4066765e+01   1.3738381e+01
   8.6837226e+00   1.4076056e+01   1.3682973e+01
   8.7333989e+00   1.4083752e+01   1.3628473e+01
   8.7842933e+00   1.4089727e+01   1.3574828e+01
   8.8362332e+00   1.4093873e+01   1.3522012e+01
   8.8890677e+00   1.4096099e+01   1.3470024e+01
   8.9426686e+00   1.4096317e+01   1.3418889e+01
   8.9857982e+00   1.4094824e+01   1.3378959e+01
   9.0110227e+00   1.4093259e+01   1.3356079e+01
   9.0180427e+00   1.4092769e+01   1.3349748e+01
   9.0292748e+00   1.4091986e+01   1.3339619e+01
   9.0588483e+00   1.4089560e+01   1.3313191e+01
   9.1070749e+00   1.4084027e+01   1.3271120e+01
   9.1628211e+00   1.4075311e+01   1.3223934e+01
   9.2189459e+00   1.4064158e+01   1.3177863e+01
   9.2754160e+00   1.4050536e+01   1.3132943e+01
   9.3322119e+00   1.4034459e+01   1.3089206e+01
   9.3893235e+00   1.4015992e+01   1.3046693e+01
   9.4467421e+00   1.3995243e+01   1.3005462e+01
   9.5044514e+00   1.3972346e+01   1.2965585e+01
   9.5624190e+00   1.3947438e+01   1.2927149e+01
   9.6205902e+00   1.3920632e+01   1.2890240e+01
   9.6788854e+00   1.3892001e+01   1.2854933e+01
   9.7372010e+00   1.3861566e+01   1.2821274e+01
   9.7924316e+00   1.3830963e+01   1.2790920e+01
   9.8281296e+00   1.3810054e+01   1.2772165e+01
   9.8444529e+00   1.3800245e+01   1.2763761e+01
   9.8474207e+00   1.3798461e+01   1.2762233e+01
   9.8696703e+00   1.3785028e+01   1.2750821e+01
   9.9110628e+00   1.3759165e+01   1.2730180e+01
   9.9682878e+00   1.3721227e+01   1.2702981e+01
   1.0025023e+01   1.3681406e+01   1.2677297e+01
   1.0081235e+01   1.3639783e+01   1.2653131e+01
   1.0136910e+01   1.3596481e+01   1.2630531e+01
   1.0192047e+01   1.3551644e+01   1.2609591e+01
   1.0246647e+01   1.3505404e+01   1.2590428e+01
   1.0300708e+01   1.3457856e+01   1.2573146e+01
   1.0354222e+01   1.3409043e+01   1.2557799e+01
   1.0407159e+01   1.3358965e+01   1.2544363e+01
   1.0459461e+01   1.3307593e+01   1.2532716e+01
   1.0511034e+01   1.3254903e+01   1.2522650e+01
   1.0561745e+01   1.3200897e+01   1.2513888e+01
   1.0599970e+01   1.3158365e+01   1.2507925e+01
   1.0621295e+01   1.3133913e+01   1.2504756e+01
   1.0626293e+01   1.3128141e+01   1.2504021e+01
   1.0637539e+01   1.3115153e+01   1.2502368e+01
   1.0664788e+01   1.3083167e+01   1.2498458e+01
   1.0707125e+01   1.3031393e+01   1.2492649e+01
   1.0752831e+01   1.2972581e+01   1.2486620e+01
   1.0796960e+01   1.2912681e+01   1.2481049e+01
   1.0839439e+01   1.2851714e+01   1.2476049e+01
   1.0880238e+01   1.2789689e+01   1.2471790e+01
   1.0919376e+01   1.2726617e+01   1.2468468e+01
   1.0956929e+01   1.2662518e+01   1.2466256e+01
   1.0993018e+01   1.2597435e+01   1.2465284e+01
   1.1027788e+01   1.2531446e+01   1.2465626e+01
   1.1061376e+01   1.2464663e+01   1.2467309e+01
   1.1093878e+01   1.2397236e+01   1.2470332e+01
   1.1125327e+01   1.2329324e+01   1.2474690e+01
   1.1153339e+01   1.2266328e+01   1.2479954e+01
   1.1170597e+01   1.2225968e+01   1.2484034e+01
   1.1177967e+01   1.2208404e+01   1.2485947e+01
   1.1180178e+01   1.2203134e+01   1.2486521e+01
   1.1191905e+01   1.2175024e+01   1.2489648e+01
   1.1212522e+01   1.2124003e+01   1.2495968e+01
   1.1238661e+01   1.2055245e+01   1.2505939e+01
   1.1263046e+01   1.1986296e+01   1.2517416e+01
   1.1285565e+01   1.1917077e+01   1.2530402e+01
   1.1306184e+01   1.1847504e+01   1.2544857e+01
   1.1324947e+01   1.1777515e+01   1.2560704e+01
   1.1341965e+01   1.1707094e+01   1.2577840e+01
   1.1357385e+01   1.1636285e+01   1.2596152e+01
   1.1371357e+01   1.1565183e+01   1.2615538e+01
   1.1384000e+01   1.1493924e+01   1.2635922e+01
   1.1395384e+01   1.1422656e+01   1.2657260e+01
   1.1405518e+01   1.1351513e+01   1.2679533e+01
   1.1414354e+01   1.1280596e+01   1.2702741e+01
   1.1419894e+01   1.1228072e+01   1.2720692e+01
   1.1422575e+01   1.1199170e+01   1.2730826e+01
   1.1423065e+01   1.1193753e+01   1.2732735e+01
   1.1424696e+01   1.1175698e+01   1.2739095e+01
   1.1428104e+01   1.1134239e+01   1.2753930e+01
   1.1432139e+01   1.1069583e+01   1.2777863e+01
   1.1434837e+01   1.0999811e+01   1.2804597e+01
   1.1435802e+01   1.0930297e+01   1.2832062e+01
   1.1434996e+01   1.0861050e+01   1.2860179e+01
   1.1432397e+01   1.0792111e+01   1.2888888e+01
   1.1427987e+01   1.0723554e+01   1.2918156e+01
   1.1421740e+01   1.0655486e+01   1.2947983e+01
   1.1413620e+01   1.0588036e+01   1.2978401e+01
   1.1403573e+01   1.0521351e+01   1.3009463e+01
   1.1391535e+01   1.0455579e+01   1.3041239e+01
   1.1377433e+01   1.0390866e+01   1.3073801e+01
   1.1361197e+01   1.0327349e+01   1.3107219e+01
   1.1344658e+01   1.0271524e+01   1.3138035e+01
   1.1333197e+01   1.0237105e+01   1.3157871e+01
   1.1328331e+01   1.0223140e+01   1.3166067e+01
   1.1326168e+01   1.0216933e+01   1.3169709e+01
   1.1316826e+01   1.0190652e+01   1.3185257e+01
   1.1299216e+01   1.0145010e+01   1.3213211e+01
   1.1274133e+01   1.0087156e+01   1.3250620e+01
   1.1246953e+01   1.0030753e+01   1.3289130e+01
   1.1217824e+01   9.9757278e+00   1.3328758e+01
   1.1186947e+01   9.9219719e+00   1.3369496e+01
   1.1154560e+01   9.8693633e+00   1.3411303e+01
   1.1120919e+01   9.8177924e+00   1.3454108e+01
   1.1086273e+01   9.7671906e+00   1.3497809e+01
   1.1050831e+01   9.7175567e+00   1.3542288e+01
   1.1014742e+01   9.6689742e+00   1.3587421e+01
   1.0978077e+01   9.6216139e+00   1.3633105e+01
   1.0940831e+01   9.5757207e+00   1.3679267e+01
   1.0902925e+01   9.5315843e+00   1.3725877e+01
   1.0875147e+01   9.5013703e+00   1.3759673e+01
   1.0860058e+01   9.4856977e+00   1.3777892e+01
   1.0858043e+01   9.4836173e+00   1.3780323e+01
   1.0846957e+01   9.4721749e+00   1.3793695e+01
   1.0822521e+01   9.4478200e+00   1.3823006e+01
   1.0783902e+01   9.4124698e+00   1.3868701e+01
   1.0741995e+01   9.3778249e+00   1.3917502e+01
   1.0698803e+01   9.3458107e+00   1.3966965e+01
   1.0654287e+01   9.3163569e+00   1.4017068e+01
   1.0608442e+01   9.2893240e+00   1.4067738e+01
   1.0561291e+01   9.2645240e+00   1.4118854e+01
   1.0512878e+01   9.2417392e+00   1.4170270e+01
   1.0463256e+01   9.2207380e+00   1.4221838e+01
   1.0412493e+01   9.2012888e+00   1.4273440e+01
   1.0360679e+01   9.1831725e+00   1.4324999e+01
   1.0307934e+01   9.1661972e+00   1.4376487e+01
   1.0254424e+01   9.1502143e+00   1.4427917e+01
   1.0207290e+01   9.1370678e+00   1.4472734e+01
   1.0178040e+01   9.1293320e+00   1.4500423e+01
   1.0166886e+01   9.1264427e+00   1.4510975e+01
   1.0159915e+01   9.1246369e+00   1.4517570e+01
   1.0134803e+01   9.1182171e+00   1.4541315e+01
   1.0091510e+01   9.1076741e+00   1.4582246e+01
   1.0037150e+01   9.0954522e+00   1.4633849e+01
   9.9830135e+00   9.0844205e+00   1.4685604e+01
   9.9291336e+00   9.0747416e+00   1.4737543e+01
   9.8754700e+00   9.0665632e+00   1.4789678e+01
   9.8219264e+00   9.0599919e+00   1.4841998e+01
   9.7683749e+00   9.0550745e+00   1.4894462e+01
   9.7146801e+00   9.0517912e+00   1.4947000e+01
   9.6607195e+00   9.0500617e+00   1.4999515e+01
   9.6063965e+00   9.0497632e+00   1.5051881e+01
   9.5516453e+00   9.0507563e+00   1.5103950e+01
   9.4964263e+00   9.0529119e+00   1.5155559e+01
   9.4407166e+00   9.0561351e+00   1.5206540e+01
   9.4017986e+00   9.0590753e+00   1.5241289e+01
   9.3815192e+00   9.0608003e+00   1.5259127e+01
   9.3800702e+00   9.0609245e+00   1.5260400e+01
   9.3626817e+00   9.0624154e+00   1.5275679e+01
   9.3263030e+00   9.0658299e+00   1.5307231e+01
   9.2705196e+00   9.0720553e+00   1.5354207e+01
   9.2127541e+00   9.0796630e+00   1.5401272e+01
   9.1544988e+00   9.0886344e+00   1.5447117e+01
   9.0957993e+00   9.0991321e+00   1.5491688e+01
   9.0367210e+00   9.1113235e+00   1.5534943e+01
   8.9773430e+00   9.1253692e+00   1.5576846e+01
   8.9177470e+00   9.1414137e+00   1.5617365e+01
   8.8580046e+00   9.1595753e+00   1.5656468e+01
   8.7981656e+00   9.1799362e+00   1.5694127e+01
   8.7382513e+00   9.2025323e+00   1.5730323e+01
   8.6782535e+00   9.2273435e+00   1.5765052e+01
   8.6181412e+00   9.2542893e+00   1.5798330e+01
   8.5671451e+00   9.2787775e+00   1.5825292e+01
   8.5361628e+00   9.2943312e+00   1.5841096e+01
   8.5253094e+00   9.2998567e+00   1.5846563e+01
   8.5160065e+00   9.3045928e+00   1.5851248e+01
   8.4865247e+00   9.3197803e+00   1.5865938e+01
   8.4367474e+00   9.3463121e+00   1.5889895e+01
   8.3758923e+00   9.3800173e+00   1.5917844e+01
   8.3149035e+00   9.4149007e+00   1.5944581e+01
   8.2538743e+00   9.4508229e+00   1.5970125e+01
   8.1929292e+00   9.4877130e+00   1.5994470e+01
   8.1322129e+00   9.5255710e+00   1.6017599e+01
   8.0718750e+00   9.5644583e+00   1.6039487e+01
   8.0120533e+00   9.6044773e+00   1.6060115e+01
   7.9528587e+00   9.6457459e+00   1.6079481e+01
   7.8943646e+00   9.6883700e+00   1.6097599e+01
   7.8366026e+00   9.7324203e+00   1.6114495e+01
   7.7795647e+00   9.7779151e+00   1.6130194e+01
   7.7232099e+00   9.8248138e+00   1.6144715e+01
   7.6860529e+00   9.8569513e+00   1.6153609e+01
   7.6675649e+00   9.8732149e+00   1.6157857e+01
   7.6490769e+00   9.8894784e+00   1.6162104e+01
   7.6122819e+00   9.9223950e+00   1.6170200e+01
   7.5575518e+00   9.9727781e+00   1.6181112e+01
   7.5032062e+00   1.0024012e+01   1.6190760e+01
   7.4491751e+00   1.0075963e+01   1.6199127e+01
   7.3954029e+00   1.0128537e+01   1.6206228e+01
   7.3418568e+00   1.0181681e+01   1.6212117e+01
   7.2885349e+00   1.0235373e+01   1.6216892e+01
   7.2354717e+00   1.0289608e+01   1.6220684e+01
   7.1827383e+00   1.0344387e+01   1.6223647e+01
   7.1304353e+00   1.0399708e+01   1.6225935e+01
   7.0786819e+00   1.0455567e+01   1.6227677e+01
   7.0276037e+00   1.0511962e+01   1.6228960e+01
   6.9773238e+00   1.0568902e+01   1.6229811e+01
   6.9368176e+00   1.0616088e+01   1.6230130e+01
   6.9131272e+00   1.0644318e+01   1.6230127e+01
   6.9056831e+00   1.0653255e+01   1.6230105e+01
   6.8969984e+00   1.0663682e+01   1.6230080e+01
   6.8723291e+00   1.0693558e+01   1.6229926e+01
   6.8323312e+00   1.0743276e+01   1.6229254e+01
   6.7861862e+00   1.0802736e+01   1.6227711e+01
   6.7411699e+00   1.0862946e+01   1.6225343e+01
   6.6972546e+00   1.0923939e+01   1.6222109e+01
   6.6543971e+00   1.0985715e+01   1.6218008e+01
   6.6125599e+00   1.1048231e+01   1.6213063e+01
   6.5717337e+00   1.1111405e+01   1.6207291e+01
   6.5319527e+00   1.1175124e+01   1.6200677e+01
   6.4932989e+00   1.1239259e+01   1.6193148e+01
   6.4558912e+00   1.1303692e+01   1.6184564e+01
   6.4198629e+00   1.1368331e+01   1.6174727e+01
   6.3853323e+00   1.1433121e+01   1.6163402e+01
   6.3532208e+00   1.1496378e+01   1.6150689e+01
   6.3330752e+00   1.1538078e+01   1.6141139e+01
   6.3236248e+00   1.1558114e+01   1.6136264e+01
   6.3228373e+00   1.1559783e+01   1.6135857e+01
   6.3118332e+00   1.1583160e+01   1.6130141e+01
   6.2911858e+00   1.1628298e+01   1.6118346e+01
   6.2627973e+00   1.1693630e+01   1.6099177e+01
   6.2356974e+00   1.1759060e+01   1.6077880e+01
   6.2097188e+00   1.1824523e+01   1.6054519e+01
   6.1846944e+00   1.1889931e+01   1.6029197e+01
   6.1604712e+00   1.1955194e+01   1.6002035e+01
   6.1369199e+00   1.2020234e+01   1.5973160e+01
   6.1139375e+00   1.2085001e+01   1.5942695e+01
   6.0914463e+00   1.2149477e+01   1.5910764e+01
   6.0693909e+00   1.2213681e+01   1.5877491e+01
   6.0477332e+00   1.2277656e+01   1.5843014e+01
   6.0264465e+00   1.2341461e+01   1.5807479e+01
   6.0055081e+00   1.2405164e+01   1.5771040e+01
   5.9891213e+00   1.2455771e+01   1.5741484e+01
   5.9796984e+00   1.2485162e+01   1.5724134e+01
   5.9770876e+00   1.2493327e+01   1.5719301e+01
   5.9729104e+00   1.2506391e+01   1.5711569e+01
   5.9619898e+00   1.2540691e+01   1.5691183e+01
   5.9444793e+00   1.2596270e+01   1.5657864e+01
   5.9245814e+00   1.2660113e+01   1.5619333e+01
   5.9048185e+00   1.2724050e+01   1.5580606e+01
   5.8851536e+00   1.2788060e+01   1.5541780e+01
   5.8655826e+00   1.2852101e+01   1.5502934e+01
   5.8461493e+00   1.2916114e+01   1.5464119e+01
   5.8269565e+00   1.2980027e+01   1.5425359e+01
   5.8081695e+00   1.3043765e+01   1.5386645e+01
   5.7900093e+00   1.3107254e+01   1.5347933e+01
   5.7727366e+00   1.3170430e+01   1.5309144e+01
   5.7566279e+00   1.3233246e+01   1.5270161e+01
   5.7419453e+00   1.3295671e+01   1.5230839e+01
   5.7295748e+00   1.3354511e+01   1.5193052e+01
   5.7225668e+00   1.3392447e+01   1.5168155e+01
   5.7195738e+00   1.3409786e+01   1.5156646e+01
   5.7190297e+00   1.3412939e+01   1.5154554e+01
   5.7150027e+00   1.3436571e+01   1.5138835e+01
   5.7082499e+00   1.3480516e+01   1.5109144e+01
   5.7006527e+00   1.3541314e+01   1.5066807e+01
   5.6947474e+00   1.3601669e+01   1.5023391e+01
   5.6903624e+00   1.3661525e+01   1.4978841e+01
   5.6873029e+00   1.3720801e+01   1.4933143e+01
   5.6853825e+00   1.3779398e+01   1.4886305e+01
   5.6844458e+00   1.3837226e+01   1.4838349e+01
   5.6843779e+00   1.3894212e+01   1.4789293e+01
   5.6851030e+00   1.3950322e+01   1.4739156e+01
   5.6865752e+00   1.4005557e+01   1.4687961e+01
   5.6887710e+00   1.4059952e+01   1.4635746e+01
   5.6916866e+00   1.4113558e+01   1.4582583e+01
   5.6953453e+00   1.4166426e+01   1.4528583e+01
   5.6987792e+00   1.4206547e+01   1.4486517e+01
   5.7009869e+00   1.4229079e+01   1.4462535e+01
   5.7015216e+00   1.4234370e+01   1.4456885e+01
   5.7027249e+00   1.4246273e+01   1.4444173e+01
   5.7058556e+00   1.4275228e+01   1.4413010e+01
   5.7116618e+00   1.4320724e+01   1.4363186e+01
   5.7194346e+00   1.4370604e+01   1.4307500e+01
   5.7287530e+00   1.4419584e+01   1.4251750e+01
   5.7398560e+00   1.4467560e+01   1.4195976e+01
   5.7529472e+00   1.4514415e+01   1.4140154e+01
   5.7681681e+00   1.4560021e+01   1.4084204e+01
   5.7855826e+00   1.4604251e+01   1.4028014e+01
   5.8051746e+00   1.4646992e+01   1.3971454e+01
   5.8268567e+00   1.4688173e+01   1.3914402e+01
   5.8504866e+00   1.4727778e+01   1.3856752e+01
   5.8758854e+00   1.4765856e+01   1.3798439e+01
   5.9028546e+00   1.4802518e+01   1.3739444e+01
   5.9290120e+00   1.4835196e+01   1.3684389e+01
   5.9463368e+00   1.4855502e+01   1.3648920e+01
   5.9539723e+00   1.4864234e+01   1.3633452e+01
   5.9562629e+00   1.4866854e+01   1.3628812e+01
   5.9685292e+00   1.4880779e+01   1.3604042e+01
   5.9912219e+00   1.4905586e+01   1.3558946e+01
   6.0226110e+00   1.4938109e+01   1.3498010e+01
   6.0547840e+00   1.4969851e+01   1.3436943e+01
   6.0877059e+00   1.5000813e+01   1.3375885e+01
   6.1213919e+00   1.5030958e+01   1.3314950e+01
   6.1558959e+00   1.5060232e+01   1.3254212e+01
   6.1912912e+00   1.5088587e+01   1.3193705e+01
   6.2276477e+00   1.5115995e+01   1.3133428e+01
   6.2650098e+00   1.5142456e+01   1.3073355e+01
   6.3033831e+00   1.5167993e+01   1.3013456e+01
   6.3427326e+00   1.5192640e+01   1.2953714e+01
   6.3829945e+00   1.5216414e+01   1.2894139e+01
   6.4240987e+00   1.5239307e+01   1.2834772e+01
   6.4552509e+00   1.5255639e+01   1.2790831e+01
   6.4726338e+00   1.5264394e+01   1.2766673e+01
   6.4759000e+00   1.5266027e+01   1.2762147e+01
   6.4867874e+00   1.5271468e+01   1.2747058e+01
   6.5120049e+00   1.5283750e+01   1.2712434e+01
   6.5521256e+00   1.5302074e+01   1.2658548e+01
   6.5964280e+00   1.5320740e+01   1.2600541e+01
   6.6416036e+00   1.5338182e+01   1.2542836e+01
   6.6876470e+00   1.5354410e+01   1.2485322e+01
   6.7344942e+00   1.5369492e+01   1.2427870e+01
   6.7820263e+00   1.5383532e+01   1.2370372e+01
   6.8300974e+00   1.5396650e+01   1.2312774e+01
   6.8785754e+00   1.5408957e+01   1.2255090e+01
   6.9273775e+00   1.5420537e+01   1.2197399e+01
   6.9764866e+00   1.5431444e+01   1.2139822e+01
   7.0259444e+00   1.5441714e+01   1.2082478e+01
   7.0758230e+00   1.5451372e+01   1.2025446e+01
   7.1210167e+00   1.5459508e+01   1.1974562e+01
   7.1496561e+00   1.5464345e+01   1.1942725e+01
   7.1614075e+00   1.5466276e+01   1.1929724e+01
   7.1666304e+00   1.5467135e+01   1.1923946e+01
   7.1888570e+00   1.5470742e+01   1.1899408e+01
   7.2282924e+00   1.5476802e+01   1.1856247e+01
   7.2798659e+00   1.5483998e+01   1.1800425e+01
   7.3316376e+00   1.5490371e+01   1.1744962e+01
   7.3835658e+00   1.5495737e+01   1.1689999e+01
   7.4357159e+00   1.5499900e+01   1.1635734e+01
   7.4882642e+00   1.5502706e+01   1.1582398e+01
   7.5414663e+00   1.5504086e+01   1.1530217e+01
   7.5956031e+00   1.5504076e+01   1.1479374e+01
   7.6509218e+00   1.5502804e+01   1.1429985e+01
   7.7075863e+00   1.5500436e+01   1.1382084e+01
   7.7656440e+00   1.5497113e+01   1.1335625e+01
   7.8250093e+00   1.5492888e+01   1.1290490e+01
   7.8854653e+00   1.5487700e+01   1.1246514e+01
   7.9294225e+00   1.5483168e+01   1.1215625e+01
   7.9530620e+00   1.5480444e+01   1.1199232e+01
   7.9562153e+00   1.5480075e+01   1.1197049e+01
   7.9735588e+00   1.5478048e+01   1.1185042e+01
   8.0114931e+00   1.5473272e+01   1.1159014e+01
   8.0700553e+00   1.5464586e+01   1.1119239e+01
   8.1316612e+00   1.5453837e+01   1.1077389e+01
   8.1930524e+00   1.5441535e+01   1.1035323e+01
   8.2542265e+00   1.5427834e+01   1.0992864e+01
   8.3152132e+00   1.5412948e+01   1.0950033e+01
   8.3760181e+00   1.5397087e+01   1.0907096e+01
   8.4366099e+00   1.5380392e+01   1.0864554e+01
   8.4969737e+00   1.5362878e+01   1.0823042e+01
   8.5571843e+00   1.5344425e+01   1.0783198e+01
   8.6174365e+00   1.5324802e+01   1.0745543e+01
   8.6780280e+00   1.5303730e+01   1.0710405e+01
   8.7393067e+00   1.5280958e+01   1.0677855e+01
   8.7935972e+00   1.5259503e+01   1.0651549e+01
   8.8276173e+00   1.5245487e+01   1.0636117e+01
   8.8406385e+00   1.5240052e+01   1.0630328e+01
   8.8487768e+00   1.5236656e+01   1.0626710e+01
   8.8781606e+00   1.5224294e+01   1.0613811e+01
   8.9292478e+00   1.5202259e+01   1.0592226e+01
   8.9936589e+00   1.5173959e+01   1.0565337e+01
   9.0572565e+00   1.5146038e+01   1.0537765e+01
   9.1194804e+00   1.5119245e+01   1.0508528e+01
   9.1804352e+00   1.5093867e+01   1.0476797e+01
   9.2406738e+00   1.5069739e+01   1.0442192e+01
   9.3008087e+00   1.5046401e+01   1.0405015e+01
   9.3611451e+00   1.5023314e+01   1.0366302e+01
   9.4216032e+00   1.5000033e+01   1.0327545e+01
   9.4821554e+00   1.4976184e+01   1.0289998e+01
   9.5430853e+00   1.4951454e+01   1.0254201e+01
   9.6047484e+00   1.4925678e+01   1.0220043e+01
   9.6672745e+00   1.4898881e+01   1.0187033e+01
   9.7109817e+00   1.4879738e+01   1.0164624e+01
   9.7336515e+00   1.4869681e+01   1.0153083e+01
   9.7352708e+00   1.4868962e+01   1.0152259e+01
   9.7547020e+00   1.4860334e+01   1.0142372e+01
   9.7951798e+00   1.4842158e+01   1.0121897e+01
   9.8561510e+00   1.4813926e+01   1.0091335e+01
   9.9177004e+00   1.4784122e+01   1.0061140e+01
   9.9781295e+00   1.4753116e+01   1.0032872e+01
   1.0037710e+01   1.4720442e+01   1.0007163e+01
   1.0096973e+01   1.4685678e+01   9.9842776e+00
   1.0156490e+01   1.4648613e+01   9.9640018e+00
   1.0216633e+01   1.4609387e+01   9.9456803e+00
   1.0277367e+01   1.4568578e+01   9.9283852e+00
   1.0338269e+01   1.4527118e+01   9.9111343e+00
   1.0398894e+01   1.4485935e+01   9.8930644e+00
   1.0459146e+01   1.4445599e+01   9.8735459e+00
   1.0519258e+01   1.4406283e+01   9.8522711e+00
   1.0570251e+01   1.4373858e+01   9.8328184e+00
   1.0601319e+01   1.4354578e+01   9.8204531e+00
   1.0612220e+01   1.4347871e+01   9.8160652e+00
   1.0621563e+01   1.4342122e+01   9.8123042e+00
   1.0651214e+01   1.4324012e+01   9.8002544e+00
   1.0701563e+01   1.4293967e+01   9.7793268e+00
   1.0763668e+01   1.4257834e+01   9.7534029e+00
   1.0826390e+01   1.4221976e+01   9.7277050e+00
   1.0889636e+01   1.4186206e+01   9.7026882e+00
   1.0953337e+01   1.4150430e+01   9.6785205e+00
   1.1017234e+01   1.4114784e+01   9.6550529e+00
   1.1080624e+01   1.4079769e+01   9.6317969e+00
   1.1142391e+01   1.4046175e+01   9.6078476e+00
   1.1201390e+01   1.4014796e+01   9.5818360e+00
   1.1256849e+01   1.3986145e+01   9.5520819e+00
   1.1308662e+01   1.3960271e+01   9.5169768e+00
   1.1357447e+01   1.3936738e+01   9.4755435e+00
   1.1404333e+01   1.3914767e+01   9.4280766e+00
   1.1435097e+01   1.3900586e+01   9.3938285e+00
   1.1450481e+01   1.3893494e+01   9.3766988e+00
