   1.0520193e+02   3.5538353e+01   1.0405913e+02
   1.0519159e+02   3.5521846e+01   1.0406828e+02
   1.0517090e+02   3.5488831e+01   1.0408658e+02
   1.0513739e+02   3.5442819e+01   1.0411288e+02
   1.0509931e+02   3.5401990e+01   1.0413772e+02
   1.0505570e+02   3.5366580e+01   1.0416131e+02
   1.0500673e+02   3.5336302e+01   1.0418398e+02
   1.0495342e+02   3.5310992e+01   1.0420591e+02
   1.0489677e+02   3.5290732e+01   1.0422719e+02
   1.0483731e+02   3.5275465e+01   1.0424797e+02
   1.0477538e+02   3.5264733e+01   1.0426850e+02
   1.0471163e+02   3.5257897e+01   1.0428895e+02
   1.0464710e+02   3.5254582e+01   1.0430930e+02
   1.0458292e+02   3.5254869e+01   1.0432945e+02
   1.0451984e+02   3.5259249e+01   1.0434927e+02
   1.0445816e+02   3.5268301e+01   1.0436870e+02
   1.0440610e+02   3.5280495e+01   1.0438519e+02
   1.0437468e+02   3.5290151e+01   1.0439523e+02
   1.0436309e+02   3.5294022e+01   1.0439895e+02
   1.0435503e+02   3.5296715e+01   1.0440154e+02
   1.0432745e+02   3.5306452e+01   1.0441041e+02
   1.0428106e+02   3.5325844e+01   1.0442550e+02
   1.0422484e+02   3.5354541e+01   1.0444399e+02
   1.0417017e+02   3.5387534e+01   1.0446191e+02
   1.0411694e+02   3.5424388e+01   1.0447892e+02
   1.0406518e+02   3.5464568e+01   1.0449460e+02
   1.0401501e+02   3.5507577e+01   1.0450853e+02
   1.0396665e+02   3.5553062e+01   1.0452037e+02
   1.0392027e+02   3.5600956e+01   1.0452994e+02
   1.0387585e+02   3.5651352e+01   1.0453736e+02
   1.0383336e+02   3.5704204e+01   1.0454306e+02
   1.0379286e+02   3.5759242e+01   1.0454750e+02
   1.0375462e+02   3.5816063e+01   1.0455100e+02
   1.0371901e+02   3.5874311e+01   1.0455363e+02
   1.0368639e+02   3.5933848e+01   1.0455527e+02
   1.0366504e+02   3.5978039e+01   1.0455562e+02
   1.0365426e+02   3.6002242e+01   1.0455553e+02
   1.0365264e+02   3.6005931e+01   1.0455551e+02
   1.0364522e+02   3.6022798e+01   1.0455541e+02
   1.0362962e+02   3.6060529e+01   1.0455489e+02
   1.0360842e+02   3.6119992e+01   1.0455300e+02
   1.0358938e+02   3.6184492e+01   1.0454992e+02
   1.0357356e+02   3.6250374e+01   1.0454623e+02
   1.0356052e+02   3.6317269e+01   1.0454255e+02
   1.0355027e+02   3.6384224e+01   1.0453910e+02
   1.0354350e+02   3.6450446e+01   1.0453540e+02
   1.0354103e+02   3.6515938e+01   1.0453064e+02
   1.0354317e+02   3.6581385e+01   1.0452428e+02
   1.0354959e+02   3.6647449e+01   1.0451633e+02
   1.0355959e+02   3.6714252e+01   1.0450717e+02
   1.0357252e+02   3.6781407e+01   1.0449720e+02
   1.0358794e+02   3.6848388e+01   1.0448664e+02
   1.0360566e+02   3.6914790e+01   1.0447545e+02
   1.0362408e+02   3.6975397e+01   1.0446442e+02
   1.0363697e+02   3.7013721e+01   1.0445693e+02
   1.0364278e+02   3.7030294e+01   1.0445358e+02
   1.0364452e+02   3.7035266e+01   1.0445258e+02
   1.0365390e+02   3.7061739e+01   1.0444719e+02
   1.0367181e+02   3.7109287e+01   1.0443701e+02
   1.0369766e+02   3.7171740e+01   1.0442238e+02
   1.0372524e+02   3.7231892e+01   1.0440656e+02
   1.0375475e+02   3.7288867e+01   1.0438912e+02
   1.0378680e+02   3.7342162e+01   1.0436964e+02
   1.0382217e+02   3.7391941e+01   1.0434798e+02
   1.0386137e+02   3.7438842e+01   1.0432444e+02
   1.0390448e+02   3.7483615e+01   1.0429967e+02
   1.0395115e+02   3.7526963e+01   1.0427424e+02
   1.0400067e+02   3.7569547e+01   1.0424839e+02
   1.0405182e+02   3.7611615e+01   1.0422223e+02
   1.0410333e+02   3.7652634e+01   1.0419577e+02
   1.0415451e+02   3.7691592e+01   1.0416876e+02
   1.0420548e+02   3.7727616e+01   1.0414069e+02
   1.0424591e+02   3.7753428e+01   1.0411734e+02
   1.0426956e+02   3.7767433e+01   1.0410329e+02
   1.0427584e+02   3.7771078e+01   1.0409954e+02
   1.0428704e+02   3.7777587e+01   1.0409284e+02
   1.0431596e+02   3.7793806e+01   1.0407536e+02
   1.0436363e+02   3.7818443e+01   1.0404594e+02
   1.0441926e+02   3.7845210e+01   1.0401136e+02
   1.0447574e+02   3.7871053e+01   1.0397657e+02
   1.0453238e+02   3.7895496e+01   1.0394236e+02
   1.0458872e+02   3.7917563e+01   1.0390912e+02
   1.0464468e+02   3.7936027e+01   1.0387675e+02
   1.0470077e+02   3.7949969e+01   1.0384471e+02
   1.0475776e+02   3.7959260e+01   1.0381245e+02
   1.0481600e+02   3.7964395e+01   1.0377971e+02
   1.0487518e+02   3.7965930e+01   1.0374661e+02
   1.0493465e+02   3.7964187e+01   1.0371339e+02
   1.0499375e+02   3.7959140e+01   1.0368029e+02
   1.0505220e+02   3.7950524e+01   1.0364731e+02
   1.0510921e+02   3.7938413e+01   1.0361483e+02
   1.0514681e+02   3.7928255e+01   1.0359316e+02
   1.0516507e+02   3.7922891e+01   1.0358256e+02
   1.0516606e+02   3.7922601e+01   1.0358198e+02
   1.0518629e+02   3.7916632e+01   1.0357023e+02
   1.0522567e+02   3.7903995e+01   1.0354717e+02
   1.0528230e+02   3.7883242e+01   1.0351321e+02
   1.0533726e+02   3.7860203e+01   1.0347906e+02
   1.0539028e+02   3.7834568e+01   1.0344453e+02
   1.0544156e+02   3.7806121e+01   1.0340932e+02
   1.0549152e+02   3.7774939e+01   1.0337324e+02
   1.0554054e+02   3.7741421e+01   1.0333630e+02
   1.0558875e+02   3.7706132e+01   1.0329883e+02
   1.0563596e+02   3.7669520e+01   1.0326150e+02
   1.0568188e+02   3.7631568e+01   1.0322508e+02
   1.0572653e+02   3.7591915e+01   1.0319012e+02
   1.0577015e+02   3.7550179e+01   1.0315688e+02
   1.0581304e+02   3.7506208e+01   1.0312533e+02
   1.0585519e+02   3.7460206e+01   1.0309534e+02
   1.0588983e+02   3.7419797e+01   1.0307124e+02
   1.0591013e+02   3.7394646e+01   1.0305722e+02
   1.0591713e+02   3.7385759e+01   1.0305239e+02
   1.0592313e+02   3.7378142e+01   1.0304824e+02
   1.0594191e+02   3.7353825e+01   1.0303529e+02
   1.0597218e+02   3.7311793e+01   1.0301438e+02
   1.0600656e+02   3.7258554e+01   1.0299034e+02
   1.0603840e+02   3.7203174e+01   1.0296770e+02
   1.0606775e+02   3.7145681e+01   1.0294636e+02
   1.0609472e+02   3.7086154e+01   1.0292625e+02
   1.0611956e+02   3.7024671e+01   1.0290729e+02
   1.0614266e+02   3.6961417e+01   1.0288942e+02
   1.0616436e+02   3.6896792e+01   1.0287261e+02
   1.0618474e+02   3.6831255e+01   1.0285696e+02
   1.0620371e+02   3.6765096e+01   1.0284248e+02
   1.0622103e+02   3.6698555e+01   1.0282906e+02
   1.0623625e+02   3.6631941e+01   1.0281648e+02
   1.0624875e+02   3.6565416e+01   1.0280456e+02
   1.0625806e+02   3.6498784e+01   1.0279319e+02
   1.0626232e+02   3.6451152e+01   1.0278544e+02
   1.0626392e+02   3.6425728e+01   1.0278141e+02
   1.0626410e+02   3.6422836e+01   1.0278095e+02
   1.0626528e+02   3.6403174e+01   1.0277785e+02
   1.0626700e+02   3.6360733e+01   1.0277128e+02
   1.0626728e+02   3.6294818e+01   1.0276150e+02
   1.0626544e+02   3.6225290e+01   1.0275162e+02
   1.0626180e+02   3.6155588e+01   1.0274221e+02
   1.0625638e+02   3.6086170e+01   1.0273358e+02
   1.0624910e+02   3.6017153e+01   1.0272612e+02
   1.0623996e+02   3.5948401e+01   1.0272017e+02
   1.0622915e+02   3.5879745e+01   1.0271596e+02
   1.0621692e+02   3.5811200e+01   1.0271363e+02
   1.0620337e+02   3.5743050e+01   1.0271320e+02
   1.0618827e+02   3.5675628e+01   1.0271470e+02
   1.0617117e+02   3.5608992e+01   1.0271804e+02
   1.0615181e+02   3.5543056e+01   1.0272303e+02
   1.0613014e+02   3.5477943e+01   1.0272941e+02
   1.0610835e+02   3.5419954e+01   1.0273628e+02
   1.0609337e+02   3.5383952e+01   1.0274118e+02
   1.0608690e+02   3.5369031e+01   1.0274333e+02
   1.0608435e+02   3.5363169e+01   1.0274417e+02
   1.0607264e+02   3.5336611e+01   1.0274807e+02
   1.0605057e+02   3.5290070e+01   1.0275555e+02
   1.0601900e+02   3.5230532e+01   1.0276650e+02
   1.0598484e+02   3.5172715e+01   1.0277857e+02
   1.0594817e+02   3.5116730e+01   1.0279171e+02
   1.0590910e+02   3.5062777e+01   1.0280588e+02
   1.0586768e+02   3.5011079e+01   1.0282095e+02
   1.0582386e+02   3.4961836e+01   1.0283676e+02
   1.0577754e+02   3.4915083e+01   1.0285318e+02
   1.0572858e+02   3.4870571e+01   1.0287005e+02
   1.0567710e+02   3.4827895e+01   1.0288713e+02
   1.0562347e+02   3.4786768e+01   1.0290416e+02
   1.0556814e+02   3.4747122e+01   1.0292096e+02
   1.0551151e+02   3.4709053e+01   1.0293748e+02
   1.0545396e+02   3.4672839e+01   1.0295389e+02
   1.0540917e+02   3.4646725e+01   1.0296666e+02
   1.0538362e+02   3.4632661e+01   1.0297410e+02
   1.0537760e+02   3.4629393e+01   1.0297586e+02
   1.0536405e+02   3.4622041e+01   1.0297983e+02
   1.0533081e+02   3.4604574e+01   1.0298969e+02
   1.0527742e+02   3.4578796e+01   1.0300631e+02
   1.0521721e+02   3.4552519e+01   1.0302648e+02
   1.0515629e+02   3.4528363e+01   1.0304844e+02
   1.0509470e+02   3.4506114e+01   1.0307202e+02
   1.0503245e+02   3.4485654e+01   1.0309676e+02
   1.0496974e+02   3.4466980e+01   1.0312218e+02
   1.0490692e+02   3.4450294e+01   1.0314808e+02
   1.0484422e+02   3.4435861e+01   1.0317455e+02
   1.0478171e+02   3.4423899e+01   1.0320168e+02
   1.0471934e+02   3.4414605e+01   1.0322926e+02
   1.0465705e+02   3.4408245e+01   1.0325674e+02
   1.0459457e+02   3.4405118e+01   1.0328369e+02
   1.0453127e+02   3.4405225e+01   1.0331003e+02
   1.0446882e+02   3.4407852e+01   1.0333507e+02
   1.0442725e+02   3.4410594e+01   1.0335122e+02
   1.0440754e+02   3.4412061e+01   1.0335877e+02
   1.0440529e+02   3.4412229e+01   1.0335963e+02
   1.0438108e+02   3.4414055e+01   1.0336890e+02
   1.0433482e+02   3.4418006e+01   1.0338629e+02
   1.0426955e+02   3.4425159e+01   1.0340999e+02
   1.0420527e+02   3.4434638e+01   1.0343228e+02
   1.0414148e+02   3.4447137e+01   1.0345319e+02
   1.0407740e+02   3.4462728e+01   1.0347305e+02
   1.0401279e+02   3.4480845e+01   1.0349217e+02
   1.0394825e+02   3.4500903e+01   1.0351063e+02
   1.0388454e+02   3.4522869e+01   1.0352835e+02
   1.0382194e+02   3.4547078e+01   1.0354535e+02
   1.0376043e+02   3.4573785e+01   1.0356172e+02
   1.0369997e+02   3.4603055e+01   1.0357751e+02
   1.0364058e+02   3.4634826e+01   1.0359265e+02
   1.0358230e+02   3.4669019e+01   1.0360701e+02
   1.0352518e+02   3.4705532e+01   1.0362048e+02
   1.0347893e+02   3.4737612e+01   1.0363086e+02
   1.0345186e+02   3.4757574e+01   1.0363669e+02
   1.0344306e+02   3.4764198e+01   1.0363856e+02
   1.0343380e+02   3.4771171e+01   1.0364054e+02
   1.0340671e+02   3.4792020e+01   1.0364622e+02
   1.0336287e+02   3.4828041e+01   1.0365504e+02
   1.0331239e+02   3.4873438e+01   1.0366469e+02
   1.0326354e+02   3.4921309e+01   1.0367369e+02
   1.0321608e+02   3.4971432e+01   1.0368235e+02
   1.0317001e+02   3.5023384e+01   1.0369090e+02
   1.0312547e+02   3.5076801e+01   1.0369941e+02
   1.0308267e+02   3.5131516e+01   1.0370784e+02
   1.0304174e+02   3.5187494e+01   1.0371612e+02
   1.0300277e+02   3.5244741e+01   1.0372421e+02
   1.0296581e+02   3.5303242e+01   1.0373204e+02
   1.0293094e+02   3.5362944e+01   1.0373948e+02
   1.0289821e+02   3.5423838e+01   1.0374641e+02
   1.0286760e+02   3.5486009e+01   1.0375275e+02
   1.0283895e+02   3.5549423e+01   1.0375853e+02
   1.0282044e+02   3.5593970e+01   1.0376215e+02
   1.0281125e+02   3.5617167e+01   1.0376389e+02
   1.0281060e+02   3.5618825e+01   1.0376401e+02
   1.0280276e+02   3.5638714e+01   1.0376550e+02
   1.0278706e+02   3.5680295e+01   1.0376838e+02
   1.0276560e+02   3.5743800e+01   1.0377189e+02
   1.0274645e+02   3.5809444e+01   1.0377440e+02
   1.0273028e+02   3.5875771e+01   1.0377582e+02
   1.0271706e+02   3.5942776e+01   1.0377614e+02
   1.0270675e+02   3.6010317e+01   1.0377523e+02
   1.0269925e+02   3.6078400e+01   1.0377291e+02
   1.0269431e+02   3.6147245e+01   1.0376911e+02
   1.0269147e+02   3.6217005e+01   1.0376404e+02
   1.0269028e+02   3.6287438e+01   1.0375805e+02
   1.0269051e+02   3.6357880e+01   1.0375139e+02
   1.0269236e+02   3.6427627e+01   1.0374404e+02
   1.0269623e+02   3.6496302e+01   1.0373570e+02
   1.0270257e+02   3.6563949e+01   1.0372604e+02
   1.0271061e+02   3.6623462e+01   1.0371608e+02
   1.0271686e+02   3.6660532e+01   1.0370912e+02
   1.0271954e+02   3.6675356e+01   1.0370622e+02
   1.0272089e+02   3.6682768e+01   1.0370477e+02
   1.0272643e+02   3.6712411e+01   1.0369887e+02
   1.0273736e+02   3.6764315e+01   1.0368777e+02
   1.0275332e+02   3.6831286e+01   1.0367225e+02
   1.0277065e+02   3.6898523e+01   1.0365574e+02
   1.0278885e+02   3.6965663e+01   1.0363857e+02
   1.0280776e+02   3.7031842e+01   1.0362099e+02
   1.0282782e+02   3.7096143e+01   1.0360300e+02
   1.0284995e+02   3.7158293e+01   1.0358442e+02
   1.0287494e+02   3.7218840e+01   1.0356503e+02
   1.0290294e+02   3.7278668e+01   1.0354483e+02
   1.0293349e+02   3.7338385e+01   1.0352402e+02
   1.0296579e+02   3.7397958e+01   1.0350291e+02
   1.0299924e+02   3.7456760e+01   1.0348170e+02
   1.0303375e+02   3.7514030e+01   1.0346030e+02
   1.0306966e+02   3.7569389e+01   1.0343839e+02
   1.0309800e+02   3.7609676e+01   1.0342127e+02
   1.0311426e+02   3.7631703e+01   1.0341146e+02
   1.0311760e+02   3.7636181e+01   1.0340945e+02
   1.0312728e+02   3.7649169e+01   1.0340362e+02
   1.0315035e+02   3.7679288e+01   1.0338972e+02
   1.0318788e+02   3.7725436e+01   1.0336708e+02
   1.0323023e+02   3.7774000e+01   1.0334144e+02
   1.0327389e+02   3.7820307e+01   1.0331496e+02
   1.0331910e+02   3.7864179e+01   1.0328768e+02
   1.0336609e+02   3.7905657e+01   1.0325967e+02
   1.0341498e+02   3.7944925e+01   1.0323109e+02
   1.0346567e+02   3.7982131e+01   1.0320214e+02
   1.0351793e+02   3.8017285e+01   1.0317299e+02
   1.0357155e+02   3.8050300e+01   1.0314372e+02
   1.0362642e+02   3.8081101e+01   1.0311429e+02
   1.0368247e+02   3.8109685e+01   1.0308462e+02
   1.0373957e+02   3.8136110e+01   1.0305462e+02
   1.0379745e+02   3.8160370e+01   1.0302429e+02
   1.0385286e+02   3.8181167e+01   1.0299517e+02
   1.0388907e+02   3.8193249e+01   1.0297600e+02
   1.0390572e+02   3.8198490e+01   1.0296715e+02
   1.0390874e+02   3.8199443e+01   1.0296554e+02
   1.0393146e+02   3.8206517e+01   1.0295346e+02
   1.0397404e+02   3.8218693e+01   1.0293067e+02
   1.0403357e+02   3.8233142e+01   1.0289838e+02
   1.0409308e+02   3.8244898e+01   1.0286562e+02
   1.0415251e+02   3.8253714e+01   1.0283242e+02
   1.0421196e+02   3.8259453e+01   1.0279873e+02
   1.0427164e+02   3.8262196e+01   1.0276450e+02
   1.0433161e+02   3.8262201e+01   1.0272975e+02
   1.0439176e+02   3.8259761e+01   1.0269458e+02
   1.0445189e+02   3.8255073e+01   1.0265911e+02
   1.0451186e+02   3.8248236e+01   1.0262340e+02
   1.0457163e+02   3.8239359e+01   1.0258747e+02
   1.0463111e+02   3.8228565e+01   1.0255140e+02
   1.0469010e+02   3.8215899e+01   1.0251534e+02
   1.0474842e+02   3.8201278e+01   1.0247940e+02
   1.0479516e+02   3.8187679e+01   1.0245032e+02
   1.0482249e+02   3.8178892e+01   1.0243315e+02
   1.0483077e+02   3.8176156e+01   1.0242794e+02
   1.0484148e+02   3.8172615e+01   1.0242119e+02
   1.0487111e+02   3.8162476e+01   1.0240246e+02
   1.0491936e+02   3.8144450e+01   1.0237157e+02
   1.0497531e+02   3.8121572e+01   1.0233512e+02
   1.0503053e+02   3.8097125e+01   1.0229848e+02
   1.0508487e+02   3.8071121e+01   1.0226179e+02
   1.0513826e+02   3.8043457e+01   1.0222520e+02
   1.0519079e+02   3.8014041e+01   1.0218880e+02
   1.0524254e+02   3.7982861e+01   1.0215275e+02
   1.0529360e+02   3.7949951e+01   1.0211723e+02
   1.0534408e+02   3.7915335e+01   1.0208242e+02
   1.0539412e+02   3.7879106e+01   1.0204847e+02
   1.0544370e+02   3.7841434e+01   1.0201556e+02
   1.0549256e+02   3.7802423e+01   1.0198389e+02
   1.0554024e+02   3.7761920e+01   1.0195354e+02
   1.0558646e+02   3.7719573e+01   1.0192442e+02
   1.0561664e+02   3.7689526e+01   1.0190539e+02
   1.0563167e+02   3.7673922e+01   1.0189586e+02
   1.0563205e+02   3.7673531e+01   1.0189562e+02
   1.0564632e+02   3.7658698e+01   1.0188656e+02
   1.0567479e+02   3.7627926e+01   1.0186840e+02
   1.0571638e+02   3.7579575e+01   1.0184134e+02
   1.0575704e+02   3.7529115e+01   1.0181428e+02
   1.0579630e+02   3.7477305e+01   1.0178750e+02
   1.0583391e+02   3.7424355e+01   1.0176111e+02
   1.0586967e+02   3.7370262e+01   1.0173523e+02
   1.0590348e+02   3.7314891e+01   1.0170997e+02
   1.0593535e+02   3.7258168e+01   1.0168538e+02
   1.0596526e+02   3.7200138e+01   1.0166152e+02
   1.0599313e+02   3.7140845e+01   1.0163840e+02
   1.0601893e+02   3.7080276e+01   1.0161590e+02
   1.0604273e+02   3.7018441e+01   1.0159380e+02
   1.0606469e+02   3.6955455e+01   1.0157185e+02
   1.0608496e+02   3.6891580e+01   1.0154982e+02
   1.0610119e+02   3.6835364e+01   1.0153044e+02
   1.0611051e+02   3.6800426e+01   1.0151834e+02
   1.0611396e+02   3.6787085e+01   1.0151371e+02
   1.0611612e+02   3.6778748e+01   1.0151082e+02
   1.0612375e+02   3.6748690e+01   1.0150036e+02
   1.0613608e+02   3.6696667e+01   1.0148213e+02
   1.0615025e+02   3.6630963e+01   1.0145875e+02
   1.0616302e+02   3.6565339e+01   1.0143517e+02
   1.0617409e+02   3.6499998e+01   1.0141189e+02
   1.0618310e+02   3.6434855e+01   1.0138954e+02
   1.0618981e+02   3.6369571e+01   1.0136870e+02
   1.0619417e+02   3.6303704e+01   1.0134965e+02
   1.0619634e+02   3.6236829e+01   1.0133239e+02
   1.0619666e+02   3.6168699e+01   1.0131661e+02
   1.0619558e+02   3.6099452e+01   1.0130193e+02
   1.0619342e+02   3.6029567e+01   1.0128807e+02
   1.0619023e+02   3.5959578e+01   1.0127500e+02
   1.0618587e+02   3.5889861e+01   1.0126283e+02
   1.0618003e+02   3.5820495e+01   1.0125165e+02
   1.0617449e+02   3.5769613e+01   1.0124411e+02
   1.0617104e+02   3.5741774e+01   1.0124012e+02
   1.0617044e+02   3.5737035e+01   1.0123944e+02
   1.0616812e+02   3.5718669e+01   1.0123683e+02
   1.0616248e+02   3.5677164e+01   1.0123103e+02
   1.0615241e+02   3.5612365e+01   1.0122207e+02
   1.0614032e+02   3.5542759e+01   1.0121216e+02
   1.0612709e+02   3.5473319e+01   1.0120190e+02
   1.0611273e+02   3.5404185e+01   1.0119149e+02
   1.0609721e+02   3.5335434e+01   1.0118130e+02
   1.0608049e+02   3.5267176e+01   1.0117173e+02
   1.0606248e+02   3.5199583e+01   1.0116313e+02
   1.0604291e+02   3.5132755e+01   1.0115571e+02
   1.0602151e+02   3.5066600e+01   1.0114953e+02
   1.0599813e+02   3.5000910e+01   1.0114449e+02
   1.0597279e+02   3.4935531e+01   1.0114035e+02
   1.0594566e+02   3.4870417e+01   1.0113688e+02
   1.0591694e+02   3.4805640e+01   1.0113386e+02
   1.0588892e+02   3.4745857e+01   1.0113136e+02
   1.0587024e+02   3.4708031e+01   1.0112995e+02
   1.0586182e+02   3.4691430e+01   1.0112938e+02
   1.0585965e+02   3.4687145e+01   1.0112924e+02
   1.0584682e+02   3.4662034e+01   1.0112839e+02
   1.0582273e+02   3.4616759e+01   1.0112710e+02
   1.0578814e+02   3.4556907e+01   1.0112616e+02
   1.0575134e+02   3.4498642e+01   1.0112625e+02
   1.0571218e+02   3.4441576e+01   1.0112742e+02
   1.0567076e+02   3.4385306e+01   1.0112956e+02
   1.0562746e+02   3.4329608e+01   1.0113240e+02
   1.0558275e+02   3.4274561e+01   1.0113565e+02
   1.0553692e+02   3.4220462e+01   1.0113907e+02
   1.0548999e+02   3.4167566e+01   1.0114253e+02
   1.0544185e+02   3.4115943e+01   1.0114601e+02
   1.0539241e+02   3.4065544e+01   1.0114949e+02
   1.0534175e+02   3.4016367e+01   1.0115298e+02
   1.0528998e+02   3.3968544e+01   1.0115657e+02
   1.0523717e+02   3.3922271e+01   1.0116041e+02
   1.0519429e+02   3.3886817e+01   1.0116382e+02
   1.0516899e+02   3.3866746e+01   1.0116601e+02
   1.0516194e+02   3.3861209e+01   1.0116664e+02
   1.0515065e+02   3.3852350e+01   1.0116764e+02
   1.0512080e+02   3.3829351e+01   1.0117038e+02
   1.0507160e+02   3.3793130e+01   1.0117537e+02
   1.0501405e+02   3.3752856e+01   1.0118196e+02
   1.0495556e+02   3.3713718e+01   1.0118951e+02
   1.0489633e+02   3.3675596e+01   1.0119808e+02
   1.0483656e+02   3.3638464e+01   1.0120765e+02
   1.0477639e+02   3.3602471e+01   1.0121817e+02
   1.0471577e+02   3.3567826e+01   1.0122955e+02
   1.0465448e+02   3.3534592e+01   1.0124165e+02
   1.0459243e+02   3.3502717e+01   1.0125428e+02
   1.0452980e+02   3.3472249e+01   1.0126722e+02
   1.0446691e+02   3.3443514e+01   1.0128033e+02
   1.0440383e+02   3.3417016e+01   1.0129362e+02
   1.0434030e+02   3.3393098e+01   1.0130726e+02
   1.0427645e+02   3.3371928e+01   1.0132129e+02
   1.0423331e+02   3.3359316e+01   1.0133100e+02
   1.0421186e+02   3.3353372e+01   1.0133588e+02
   1.0421130e+02   3.3353216e+01   1.0133601e+02
   1.0418871e+02   3.3346967e+01   1.0134115e+02
   1.0414374e+02   3.3335235e+01   1.0135150e+02
   1.0407666e+02   3.3319413e+01   1.0136724e+02
   1.0400976e+02   3.3305399e+01   1.0138330e+02
   1.0394342e+02   3.3293768e+01   1.0139968e+02
   1.0387761e+02   3.3285104e+01   1.0141649e+02
   1.0381213e+02   3.3279772e+01   1.0143387e+02
   1.0374678e+02   3.3277922e+01   1.0145189e+02
   1.0368135e+02   3.3279527e+01   1.0147060e+02
   1.0361552e+02   3.3284291e+01   1.0149007e+02
   1.0354898e+02   3.3291571e+01   1.0151041e+02
   1.0348165e+02   3.3300447e+01   1.0153164e+02
   1.0341375e+02   3.3310083e+01   1.0155362e+02
   1.0334570e+02   3.3320098e+01   1.0157609e+02
   1.0327785e+02   3.3330513e+01   1.0159875e+02
   1.0322037e+02   3.3339953e+01   1.0161806e+02
   1.0318571e+02   3.3346143e+01   1.0162972e+02
   1.0317327e+02   3.3348451e+01   1.0163392e+02
   1.0316366e+02   3.3350235e+01   1.0163716e+02
   1.0313210e+02   3.3356258e+01   1.0164780e+02
   1.0307926e+02   3.3367467e+01   1.0166569e+02
   1.0301498e+02   3.3383522e+01   1.0168764e+02
   1.0295085e+02   3.3401838e+01   1.0170986e+02
   1.0288649e+02   3.3421876e+01   1.0173261e+02
   1.0282206e+02   3.3442987e+01   1.0175595e+02
   1.0275793e+02   3.3464824e+01   1.0177978e+02
   1.0269453e+02   3.3487364e+01   1.0180396e+02
   1.0263220e+02   3.3510869e+01   1.0182829e+02
   1.0257112e+02   3.3535781e+01   1.0185269e+02
   1.0251123e+02   3.3562493e+01   1.0187714e+02
   1.0245232e+02   3.3591216e+01   1.0190174e+02
   1.0239408e+02   3.3621934e+01   1.0192667e+02
   1.0233626e+02   3.3654337e+01   1.0195208e+02
   1.0227880e+02   3.3687988e+01   1.0197802e+02
   1.0223787e+02   3.3712795e+01   1.0199699e+02
   1.0221609e+02   3.3726246e+01   1.0200724e+02
   1.0221319e+02   3.3728042e+01   1.0200861e+02
   1.0219723e+02   3.3737922e+01   1.0201613e+02
   1.0216258e+02   3.3759669e+01   1.0203265e+02
   1.0210983e+02   3.3793844e+01   1.0205838e+02
   1.0205505e+02   3.3830705e+01   1.0208577e+02
   1.0200110e+02   3.3868446e+01   1.0211343e+02
   1.0194809e+02   3.3907044e+01   1.0214128e+02
   1.0189625e+02   3.3946556e+01   1.0216924e+02
   1.0184572e+02   3.3987165e+01   1.0219725e+02
   1.0179653e+02   3.4029111e+01   1.0222528e+02
   1.0174852e+02   3.4072571e+01   1.0225336e+02
   1.0170151e+02   3.4117556e+01   1.0228155e+02
   1.0165535e+02   3.4163905e+01   1.0230980e+02
   1.0161001e+02   3.4211389e+01   1.0233799e+02
   1.0156548e+02   3.4259722e+01   1.0236582e+02
   1.0152176e+02   3.4308488e+01   1.0239273e+02
   1.0148259e+02   3.4353035e+01   1.0241581e+02
   1.0145812e+02   3.4381277e+01   1.0242933e+02
   1.0144772e+02   3.4393359e+01   1.0243493e+02
   1.0144413e+02   3.4397525e+01   1.0243686e+02
   1.0142658e+02   3.4417960e+01   1.0244620e+02
   1.0139518e+02   3.4454937e+01   1.0246214e+02
   1.0135352e+02   3.4505284e+01   1.0248310e+02
   1.0131262e+02   3.4556869e+01   1.0250433e+02
   1.0127338e+02   3.4609696e+01   1.0252570e+02
   1.0123621e+02   3.4664118e+01   1.0254687e+02
   1.0120087e+02   3.4720260e+01   1.0256760e+02
   1.0116720e+02   3.4777652e+01   1.0258752e+02
   1.0113547e+02   3.4836106e+01   1.0260632e+02
   1.0110574e+02   3.4895994e+01   1.0262394e+02
   1.0107783e+02   3.4957333e+01   1.0264052e+02
   1.0105177e+02   3.5020108e+01   1.0265616e+02
   1.0102737e+02   3.5084272e+01   1.0267120e+02
   1.0100456e+02   3.5149342e+01   1.0268590e+02
   1.0098356e+02   3.5215043e+01   1.0270039e+02
   1.0096861e+02   3.5266725e+01   1.0271163e+02
   1.0096051e+02   3.5296496e+01   1.0271810e+02
   1.0095851e+02   3.5303953e+01   1.0271972e+02
   1.0095451e+02   3.5318867e+01   1.0272296e+02
   1.0094476e+02   3.5356291e+01   1.0273110e+02
   1.0093000e+02   3.5416655e+01   1.0274435e+02
   1.0091422e+02   3.5484971e+01   1.0275961e+02
   1.0089907e+02   3.5553400e+01   1.0277521e+02
   1.0088473e+02   3.5621627e+01   1.0279100e+02
   1.0087174e+02   3.5689304e+01   1.0280666e+02
   1.0086087e+02   3.5756294e+01   1.0282183e+02
   1.0085266e+02   3.5822952e+01   1.0283626e+02
   1.0084708e+02   3.5889986e+01   1.0284989e+02
   1.0084347e+02   3.5957834e+01   1.0286282e+02
   1.0084142e+02   3.6026473e+01   1.0287497e+02
   1.0084067e+02   3.6095849e+01   1.0288627e+02
   1.0084070e+02   3.6165845e+01   1.0289673e+02
   1.0084100e+02   3.6236117e+01   1.0290643e+02
   1.0084156e+02   3.6304395e+01   1.0291504e+02
   1.0084239e+02   3.6349040e+01   1.0292001e+02
   1.0084292e+02   3.6370402e+01   1.0292221e+02
   1.0084297e+02   3.6372182e+01   1.0292239e+02
   1.0084360e+02   3.6397098e+01   1.0292495e+02
   1.0084517e+02   3.6444974e+01   1.0292940e+02
   1.0084833e+02   3.6513810e+01   1.0293451e+02
   1.0085201e+02   3.6582694e+01   1.0293839e+02
   1.0085652e+02   3.6651885e+01   1.0294083e+02
   1.0086221e+02   3.6721517e+01   1.0294173e+02
   1.0086922e+02   3.6791601e+01   1.0294120e+02
   1.0087737e+02   3.6861929e+01   1.0293944e+02
   1.0088636e+02   3.6931995e+01   1.0293664e+02
   1.0089614e+02   3.7001231e+01   1.0293288e+02
   1.0090696e+02   3.7069164e+01   1.0292817e+02
   1.0091963e+02   3.7135497e+01   1.0292232e+02
   1.0093471e+02   3.7200359e+01   1.0291527e+02
   1.0095239e+02   3.7264621e+01   1.0290700e+02
   1.0097193e+02   3.7329474e+01   1.0289765e+02
   1.0098953e+02   3.7384592e+01   1.0288892e+02
   1.0100047e+02   3.7418045e+01   1.0288332e+02
   1.0100421e+02   3.7429396e+01   1.0288139e+02
   1.0100777e+02   3.7440180e+01   1.0287955e+02
   1.0101871e+02   3.7473130e+01   1.0287383e+02
   1.0103741e+02   3.7528135e+01   1.0286377e+02
   1.0106065e+02   3.7593612e+01   1.0285085e+02
   1.0108475e+02   3.7658230e+01   1.0283711e+02
   1.0110952e+02   3.7722549e+01   1.0282272e+02
   1.0113471e+02   3.7786953e+01   1.0280794e+02
   1.0116055e+02   3.7851101e+01   1.0279293e+02
   1.0118753e+02   3.7914572e+01   1.0277774e+02
   1.0121607e+02   3.7977243e+01   1.0276237e+02
   1.0124640e+02   3.8039320e+01   1.0274675e+02
   1.0127839e+02   3.8101237e+01   1.0273093e+02
   1.0131157e+02   3.8163229e+01   1.0271500e+02
   1.0134542e+02   3.8225252e+01   1.0269902e+02
   1.0137953e+02   3.8287106e+01   1.0268289e+02
   1.0141365e+02   3.8348602e+01   1.0266645e+02
   1.0143746e+02   3.8391337e+01   1.0265459e+02
   1.0144993e+02   3.8413610e+01   1.0264823e+02
   1.0145110e+02   3.8415681e+01   1.0264764e+02
   1.0146125e+02   3.8433800e+01   1.0264246e+02
   1.0148271e+02   3.8471915e+01   1.0263130e+02
   1.0151554e+02   3.8529405e+01   1.0261350e+02
   1.0154985e+02   3.8587832e+01   1.0259408e+02
   1.0158489e+02   3.8644893e+01   1.0257343e+02
   1.0162093e+02   3.8700520e+01   1.0255141e+02
   1.0165822e+02   3.8754757e+01   1.0252790e+02
   1.0169676e+02   3.8807909e+01   1.0250288e+02
   1.0173641e+02   3.8860377e+01   1.0247642e+02
   1.0177672e+02   3.8912638e+01   1.0244882e+02
   1.0181712e+02   3.8964914e+01   1.0242053e+02
   1.0185715e+02   3.9017160e+01   1.0239203e+02
   1.0189684e+02   3.9069035e+01   1.0236361e+02
   1.0193674e+02   3.9119815e+01   1.0233525e+02
   1.0197756e+02   3.9168868e+01   1.0230684e+02
   1.0201554e+02   3.9211114e+01   1.0228118e+02
   1.0204034e+02   3.9236826e+01   1.0226490e+02
   1.0205064e+02   3.9247243e+01   1.0225821e+02
   1.0205522e+02   3.9251873e+01   1.0225524e+02
   1.0207479e+02   3.9271466e+01   1.0224259e+02
   1.0211026e+02   3.9305520e+01   1.0222010e+02
   1.0215758e+02   3.9349515e+01   1.0219064e+02
   1.0220515e+02   3.9393937e+01   1.0216109e+02
   1.0225227e+02   3.9438975e+01   1.0213160e+02
   1.0229870e+02   3.9484274e+01   1.0210228e+02
   1.0234466e+02   3.9529065e+01   1.0207317e+02
   1.0239103e+02   3.9572360e+01   1.0204414e+02
   1.0243867e+02   3.9613763e+01   1.0201492e+02
   1.0248809e+02   3.9653471e+01   1.0198528e+02
   1.0253933e+02   3.9691976e+01   1.0195512e+02
   1.0259180e+02   3.9729638e+01   1.0192459e+02
   1.0264486e+02   3.9766242e+01   1.0189395e+02
   1.0269837e+02   3.9801519e+01   1.0186323e+02
   1.0275237e+02   3.9835556e+01   1.0183215e+02
   1.0279361e+02   3.9860651e+01   1.0180808e+02
   1.0281675e+02   3.9874419e+01   1.0179442e+02
   1.0282184e+02   3.9877430e+01   1.0179140e+02
   1.0283479e+02   3.9885093e+01   1.0178373e+02
   1.0286578e+02   3.9903151e+01   1.0176528e+02
   1.0291480e+02   3.9930353e+01   1.0173583e+02
   1.0296941e+02   3.9958170e+01   1.0170304e+02
   1.0302489e+02   3.9983813e+01   1.0166989e+02
   1.0308106e+02   4.0007534e+01   1.0163630e+02
   1.0313737e+02   4.0029418e+01   1.0160248e+02
   1.0319373e+02   4.0049118e+01   1.0156867e+02
   1.0325024e+02   4.0066424e+01   1.0153501e+02
   1.0330750e+02   4.0080851e+01   1.0150151e+02
   1.0336590e+02   4.0092451e+01   1.0146802e+02
   1.0342542e+02   4.0101404e+01   1.0143438e+02
   1.0348577e+02   4.0108173e+01   1.0140043e+02
   1.0354659e+02   4.0113056e+01   1.0136607e+02
   1.0360764e+02   4.0116413e+01   1.0133109e+02
   1.0366618e+02   4.0118348e+01   1.0129693e+02
   1.0370436e+02   4.0119007e+01   1.0127418e+02
   1.0372212e+02   4.0119233e+01   1.0126348e+02
   1.0372474e+02   4.0119266e+01   1.0126190e+02
   1.0374773e+02   4.0119544e+01   1.0124803e+02
   1.0379104e+02   4.0119838e+01   1.0122152e+02
   1.0385180e+02   4.0120009e+01   1.0118339e+02
   1.0391219e+02   4.0119872e+01   1.0114487e+02
   1.0397220e+02   4.0119033e+01   1.0110643e+02
   1.0403213e+02   4.0116985e+01   1.0106836e+02
   1.0409231e+02   4.0113690e+01   1.0103059e+02
   1.0415271e+02   4.0109654e+01   1.0099293e+02
   1.0421291e+02   4.0105666e+01   1.0095531e+02
   1.0427246e+02   4.0102148e+01   1.0091782e+02
   1.0433106e+02   4.0098756e+01   1.0088079e+02
   1.0438898e+02   4.0094458e+01   1.0084445e+02
   1.0444719e+02   4.0088044e+01   1.0080868e+02
   1.0450627e+02   4.0079369e+01   1.0077318e+02
   1.0456611e+02   4.0068898e+01   1.0073786e+02
   1.0461556e+02   4.0059321e+01   1.0070901e+02
   1.0464492e+02   4.0053372e+01   1.0069196e+02
   1.0465418e+02   4.0051464e+01   1.0068658e+02
   1.0466499e+02   4.0049237e+01   1.0068032e+02
   1.0469584e+02   4.0042763e+01   1.0066247e+02
   1.0474650e+02   4.0031470e+01   1.0063338e+02
   1.0480601e+02   4.0016952e+01   1.0059961e+02
   1.0486533e+02   4.0001197e+01   1.0056632e+02
   1.0492466e+02   3.9984320e+01   1.0053326e+02
   1.0498406e+02   3.9966902e+01   1.0050009e+02
   1.0504337e+02   3.9949124e+01   1.0046683e+02
   1.0510250e+02   3.9930510e+01   1.0043375e+02
   1.0516159e+02   3.9910843e+01   1.0040089e+02
   1.0522067e+02   3.9890225e+01   1.0036820e+02
   1.0527973e+02   3.9868956e+01   1.0033563e+02
   1.0533878e+02   3.9847305e+01   1.0030316e+02
   1.0539785e+02   3.9825525e+01   1.0027076e+02
   1.0545687e+02   3.9803598e+01   1.0023864e+02
   1.0551570e+02   3.9780931e+01   1.0020721e+02
   1.0555582e+02   3.9764534e+01   1.0018632e+02
   1.0557634e+02   3.9755849e+01   1.0017574e+02
   1.0557734e+02   3.9755425e+01   1.0017523e+02
   1.0559586e+02   3.9747575e+01   1.0016569e+02
   1.0563384e+02   3.9730982e+01   1.0014633e+02
   1.0569091e+02   3.9704555e+01   1.0011737e+02
   1.0574831e+02   3.9676592e+01   1.0008783e+02
   1.0580495e+02   3.9647817e+01   1.0005791e+02
   1.0586072e+02   3.9617943e+01   1.0002768e+02
   1.0591556e+02   3.9586573e+01   9.9997373e+01
   1.0596947e+02   3.9553439e+01   9.9967228e+01
   1.0602282e+02   3.9518302e+01   9.9937264e+01
   1.0607608e+02   3.9481449e+01   9.9907213e+01
   1.0612942e+02   3.9443470e+01   9.9876962e+01
   1.0618282e+02   3.9404928e+01   9.9846538e+01
   1.0623616e+02   3.9366147e+01   9.9816097e+01
   1.0628924e+02   3.9327251e+01   9.9785889e+01
   1.0634179e+02   3.9288144e+01   9.9756294e+01
   1.0638731e+02   3.9253351e+01   9.9731146e+01
   1.0641516e+02   3.9231406e+01   9.9716126e+01
   1.0642598e+02   3.9222770e+01   9.9710352e+01
   1.0643204e+02   3.9217933e+01   9.9707118e+01
   1.0645491e+02   3.9199547e+01   9.9694984e+01
   1.0649422e+02   3.9167062e+01   9.9674642e+01
   1.0654404e+02   3.9124612e+01   9.9649646e+01
   1.0659415e+02   3.9081221e+01   9.9625018e+01
   1.0664464e+02   3.9037097e+01   9.9600547e+01
   1.0669533e+02   3.8992495e+01   9.9576249e+01
   1.0674582e+02   3.8947432e+01   9.9552419e+01
   1.0679578e+02   3.8901807e+01   9.9529276e+01
   1.0684507e+02   3.8855409e+01   9.9506927e+01
   1.0689384e+02   3.8808039e+01   9.9485221e+01
   1.0694234e+02   3.8759852e+01   9.9463823e+01
   1.0699052e+02   3.8711173e+01   9.9442599e+01
   1.0703831e+02   3.8662079e+01   9.9421667e+01
   1.0708569e+02   3.8612636e+01   9.9401071e+01
   1.0713279e+02   3.8562896e+01   9.9380728e+01
   1.0716783e+02   3.8525705e+01   9.9365589e+01
   1.0718718e+02   3.8505092e+01   9.9357241e+01
   1.0719081e+02   3.8501224e+01   9.9355677e+01
   1.0720290e+02   3.8488330e+01   9.9350462e+01
   1.0723073e+02   3.8458587e+01   9.9338483e+01
   1.0727423e+02   3.8411702e+01   9.9319915e+01
   1.0732116e+02   3.8360458e+01   9.9300188e+01
   1.0736789e+02   3.8308685e+01   9.9280883e+01
   1.0741446e+02   3.8256465e+01   9.9261926e+01
   1.0746075e+02   3.8203932e+01   9.9243350e+01
   1.0750664e+02   3.8151137e+01   9.9225246e+01
   1.0755202e+02   3.8098001e+01   9.9207720e+01
   1.0759686e+02   3.8044412e+01   9.9190811e+01
   1.0764108e+02   3.7990287e+01   9.9174538e+01
   1.0768473e+02   3.7935525e+01   9.9158877e+01
   1.0772790e+02   3.7880106e+01   9.9143654e+01
   1.0777062e+02   3.7824203e+01   9.9128578e+01
   1.0781272e+02   3.7768051e+01   9.9113405e+01
   1.0785146e+02   3.7715059e+01   9.9099029e+01
   1.0787585e+02   3.7680599e+01   9.9089757e+01
   1.0788671e+02   3.7664997e+01   9.9085579e+01
   1.0788908e+02   3.7661584e+01   9.9084665e+01
   1.0790465e+02   3.7639134e+01   9.9078660e+01
   1.0793290e+02   3.7597365e+01   9.9067567e+01
   1.0797046e+02   3.7539123e+01   9.9052261e+01
   1.0800667e+02   3.7480054e+01   9.9036832e+01
   1.0804158e+02   3.7420099e+01   9.9021204e+01
   1.0807529e+02   3.7359349e+01   9.9005309e+01
   1.0810782e+02   3.7297932e+01   9.8989125e+01
   1.0813929e+02   3.7235930e+01   9.8972739e+01
   1.0816988e+02   3.7173537e+01   9.8956565e+01
   1.0819958e+02   3.7111128e+01   9.8941295e+01
   1.0822817e+02   3.7048774e+01   9.8927726e+01
   1.0825547e+02   3.6985951e+01   9.8916328e+01
   1.0828157e+02   3.6922121e+01   9.8907064e+01
   1.0830663e+02   3.6857077e+01   9.8899642e+01
   1.0833085e+02   3.6790730e+01   9.8893585e+01
   1.0834986e+02   3.6736503e+01   9.8889261e+01
   1.0836087e+02   3.6704542e+01   9.8886748e+01
   1.0836406e+02   3.6695230e+01   9.8886014e+01
   1.0836865e+02   3.6681844e+01   9.8884959e+01
   1.0838097e+02   3.6645679e+01   9.8882100e+01
   1.0840083e+02   3.6586591e+01   9.8877222e+01
   1.0842358e+02   3.6518217e+01   9.8871115e+01
   1.0844612e+02   3.6450167e+01   9.8864555e+01
   1.0846858e+02   3.6382903e+01   9.8857405e+01
   1.0849145e+02   3.6317045e+01   9.8849123e+01
   1.0851536e+02   3.6252979e+01   9.8839159e+01
   1.0854088e+02   3.6191068e+01   9.8827197e+01
   1.0856839e+02   3.6131927e+01   9.8813124e+01
   1.0859809e+02   3.6076749e+01   9.8797022e+01
   1.0863065e+02   3.6026954e+01   9.8778670e+01
   1.0866708e+02   3.5983156e+01   9.8757810e+01
   1.0870807e+02   3.5945253e+01   9.8734544e+01
   1.0875387e+02   3.5912724e+01   9.8709023e+01
   1.0880442e+02   3.5884046e+01   9.8681318e+01
   1.0884019e+02   3.5865812e+01   9.8661856e+01
   1.0885808e+02   3.5856693e+01   9.8652122e+01
