   1.5875075e+01   1.2809433e+01   1.5111462e+01
   1.5856275e+01   1.2808653e+01   1.5118376e+01
   1.5818663e+01   1.2807087e+01   1.5132217e+01
   1.5764080e+01   1.2808831e+01   1.5151733e+01
   1.5711569e+01   1.2817397e+01   1.5170068e+01
   1.5660636e+01   1.2833717e+01   1.5187486e+01
   1.5610557e+01   1.2857295e+01   1.5203894e+01
   1.5560907e+01   1.2886937e+01   1.5218489e+01
   1.5511610e+01   1.2921158e+01   1.5230586e+01
   1.5463369e+01   1.2958629e+01   1.5239754e+01
   1.5416983e+01   1.2999124e+01   1.5245735e+01
   1.5372496e+01   1.3042771e+01   1.5248633e+01
   1.5329778e+01   1.3089278e+01   1.5248939e+01
   1.5289296e+01   1.3138042e+01   1.5247310e+01
   1.5251591e+01   1.3188928e+01   1.5244442e+01
   1.5217860e+01   1.3240288e+01   1.5241473e+01
   1.5197290e+01   1.3275259e+01   1.5239986e+01
   1.5187874e+01   1.3292057e+01   1.5239415e+01
   1.5186798e+01   1.3293977e+01   1.5239350e+01
   1.5175274e+01   1.3314650e+01   1.5238667e+01
   1.5154190e+01   1.3354801e+01   1.5237756e+01
   1.5126348e+01   1.3413318e+01   1.5236988e+01
   1.5100870e+01   1.3472610e+01   1.5235581e+01
   1.5077663e+01   1.3532474e+01   1.5232343e+01
   1.5056475e+01   1.3593019e+01   1.5226460e+01
   1.5036958e+01   1.3654519e+01   1.5217778e+01
   1.5018814e+01   1.3716914e+01   1.5206784e+01
   1.5002177e+01   1.3779744e+01   1.5194053e+01
   1.4987378e+01   1.3842677e+01   1.5180027e+01
   1.4974801e+01   1.3905175e+01   1.5165231e+01
   1.4965262e+01   1.3966734e+01   1.5149789e+01
   1.4959314e+01   1.4027717e+01   1.5133330e+01
   1.4956580e+01   1.4088761e+01   1.5115143e+01
   1.4956217e+01   1.4145949e+01   1.5096160e+01
   1.4956912e+01   1.4182791e+01   1.5082850e+01
   1.4957395e+01   1.4199109e+01   1.5076779e+01
   1.4957519e+01   1.4203320e+01   1.5075212e+01
   1.4958321e+01   1.4228060e+01   1.5065937e+01
   1.4960518e+01   1.4273317e+01   1.5048268e+01
   1.4965284e+01   1.4334624e+01   1.5023185e+01
   1.4971910e+01   1.4395276e+01   1.4997392e+01
   1.4980568e+01   1.4454747e+01   1.4970905e+01
   1.4991534e+01   1.4512681e+01   1.4943510e+01
   1.5005064e+01   1.4568928e+01   1.4915025e+01
   1.5021448e+01   1.4623481e+01   1.4885279e+01
   1.5040843e+01   1.4676616e+01   1.4854244e+01
   1.5063002e+01   1.4728467e+01   1.4822156e+01
   1.5087334e+01   1.4778624e+01   1.4789316e+01
   1.5113109e+01   1.4826373e+01   1.4755922e+01
   1.5139655e+01   1.4871237e+01   1.4721920e+01
   1.5166361e+01   1.4913520e+01   1.4686876e+01
   1.5190742e+01   1.4949758e+01   1.4654471e+01
   1.5206947e+01   1.4971788e+01   1.4633768e+01
   1.5213782e+01   1.4980662e+01   1.4625215e+01
   1.5216819e+01   1.4984606e+01   1.4621413e+01
   1.5229902e+01   1.5001252e+01   1.4605187e+01
   1.5254445e+01   1.5029722e+01   1.4575948e+01
   1.5288970e+01   1.5065074e+01   1.4536698e+01
   1.5325756e+01   1.5098036e+01   1.4496605e+01
   1.5364832e+01   1.5128386e+01   1.4455849e+01
   1.5405819e+01   1.5156459e+01   1.4414877e+01
   1.5448156e+01   1.5182207e+01   1.4374477e+01
   1.5491637e+01   1.5205462e+01   1.4334995e+01
   1.5536105e+01   1.5226640e+01   1.4296161e+01
   1.5581278e+01   1.5246023e+01   1.4257502e+01
   1.5627374e+01   1.5262851e+01   1.4218454e+01
   1.5675110e+01   1.5277122e+01   1.4178335e+01
   1.5724680e+01   1.5290155e+01   1.4137101e+01
   1.5775573e+01   1.5302792e+01   1.4095660e+01
   1.5820115e+01   1.5313274e+01   1.4060602e+01
   1.5847570e+01   1.5319167e+01   1.4039702e+01
   1.5857779e+01   1.5321242e+01   1.4032030e+01
   1.5864882e+01   1.5322685e+01   1.4026692e+01
   1.5889337e+01   1.5327462e+01   1.4008481e+01
   1.5931444e+01   1.5334289e+01   1.3978121e+01
   1.5984890e+01   1.5340094e+01   1.3941041e+01
   1.6039404e+01   1.5343430e+01   1.3904131e+01
   1.6094528e+01   1.5344511e+01   1.3867294e+01
   1.6149583e+01   1.5343445e+01   1.3830795e+01
   1.6203848e+01   1.5339807e+01   1.3795100e+01
   1.6257138e+01   1.5332866e+01   1.3760399e+01
   1.6310055e+01   1.5321953e+01   1.3726384e+01
   1.6363166e+01   1.5307582e+01   1.3692726e+01
   1.6416004e+01   1.5290585e+01   1.3659939e+01
   1.6467698e+01   1.5271412e+01   1.3628917e+01
   1.6518412e+01   1.5249708e+01   1.3599847e+01
   1.6569343e+01   1.5225829e+01   1.3572069e+01
   1.6612479e+01   1.5204597e+01   1.3549528e+01
   1.6638573e+01   1.5191242e+01   1.3536150e+01
   1.6647137e+01   1.5186802e+01   1.3531774e+01
   1.6656152e+01   1.5182128e+01   1.3527167e+01
   1.6682801e+01   1.5168128e+01   1.3513599e+01
   1.6727062e+01   1.5143923e+01   1.3491088e+01
   1.6778947e+01   1.5113699e+01   1.3464423e+01
   1.6829435e+01   1.5081774e+01   1.3438346e+01
   1.6878514e+01   1.5048148e+01   1.3413304e+01
   1.6926137e+01   1.5012275e+01   1.3389909e+01
   1.6972729e+01   1.4973927e+01   1.3368467e+01
   1.7018559e+01   1.4932901e+01   1.3348994e+01
   1.7063849e+01   1.4889186e+01   1.3330973e+01
   1.7108604e+01   1.4843214e+01   1.3313810e+01
   1.7152512e+01   1.4795618e+01   1.3297302e+01
   1.7195112e+01   1.4746897e+01   1.3281584e+01
   1.7235955e+01   1.4697133e+01   1.3266923e+01
   1.7274874e+01   1.4645991e+01   1.3253505e+01
   1.7304424e+01   1.4604079e+01   1.3243840e+01
   1.7321064e+01   1.4579218e+01   1.3238635e+01
   1.7326592e+01   1.4573076e+01   1.3236654e+01
   1.7336640e+01   1.4555038e+01   1.3233930e+01
   1.7357115e+01   1.4518998e+01   1.3228365e+01
   1.7389682e+01   1.4469276e+01   1.3218745e+01
   1.7419809e+01   1.4415238e+01   1.3211210e+01
   1.7450241e+01   1.4361328e+01   1.3204532e+01
   1.7474951e+01   1.4305700e+01   1.3199353e+01
   1.7504778e+01   1.4252558e+01   1.3203306e+01
   1.7525446e+01   1.4195631e+01   1.3198286e+01
   1.7551904e+01   1.4138332e+01   1.3201985e+01
   1.7573670e+01   1.4080588e+01   1.3204682e+01
   1.7592062e+01   1.4023071e+01   1.3202265e+01
   1.7605076e+01   1.3961374e+01   1.3202987e+01
   1.7624320e+01   1.3904597e+01   1.3205680e+01
   1.7635805e+01   1.3845498e+01   1.3213518e+01
   1.7648893e+01   1.3783494e+01   1.3219205e+01
   1.7660319e+01   1.3723945e+01   1.3225358e+01
   1.7667370e+01   1.3683440e+01   1.3229404e+01
   1.7670712e+01   1.3663203e+01   1.3231442e+01
   1.7672609e+01   1.3647703e+01   1.3233451e+01
   1.7677351e+01   1.3610790e+01   1.3237932e+01
   1.7682675e+01   1.3552669e+01   1.3245827e+01
   1.7685718e+01   1.3488500e+01   1.3255743e+01
   1.7686085e+01   1.3424215e+01   1.3266891e+01
   1.7683931e+01   1.3359931e+01   1.3279223e+01
   1.7679354e+01   1.3295801e+01   1.3292666e+01
   1.7672412e+01   1.3231979e+01   1.3307098e+01
   1.7663085e+01   1.3168546e+01   1.3322391e+01
   1.7651397e+01   1.3105475e+01   1.3338398e+01
   1.7637514e+01   1.3042788e+01   1.3354915e+01
   1.7621690e+01   1.2980776e+01   1.3371776e+01
   1.7604192e+01   1.2919926e+01   1.3389071e+01
   1.7585136e+01   1.2860612e+01   1.3407219e+01
   1.7564673e+01   1.2802974e+01   1.3426669e+01
   1.7548368e+01   1.2762185e+01   1.3442292e+01
   1.7539035e+01   1.2740269e+01   1.3451185e+01
   1.7537790e+01   1.2736820e+01   1.3452471e+01
   1.7533440e+01   1.2721744e+01   1.3465323e+01
   1.7522019e+01   1.2689401e+01   1.3488093e+01
   1.7493503e+01   1.2643146e+01   1.3501723e+01
   1.7466668e+01   1.2584824e+01   1.3520522e+01
   1.7438334e+01   1.2538594e+01   1.3543415e+01
   1.7409517e+01   1.2488596e+01   1.3568964e+01
   1.7378981e+01   1.2441699e+01   1.3594387e+01
   1.7348410e+01   1.2392096e+01   1.3621014e+01
   1.7319809e+01   1.2345855e+01   1.3645604e+01
   1.7285342e+01   1.2303565e+01   1.3673421e+01
   1.7251536e+01   1.2261097e+01   1.3702327e+01
   1.7212080e+01   1.2221917e+01   1.3727850e+01
   1.7172538e+01   1.2180796e+01   1.3754750e+01
   1.7131601e+01   1.2143921e+01   1.3779781e+01
   1.7087193e+01   1.2106979e+01   1.3806091e+01
   1.7047014e+01   1.2074409e+01   1.3833809e+01
   1.7014654e+01   1.2054186e+01   1.3851437e+01
   1.6998120e+01   1.2044752e+01   1.3860020e+01
   1.6982991e+01   1.2033769e+01   1.3868788e+01
   1.6950067e+01   1.2012286e+01   1.3886791e+01
   1.6899029e+01   1.1980478e+01   1.3913917e+01
   1.6845983e+01   1.1949211e+01   1.3941262e+01
   1.6792160e+01   1.1919621e+01   1.3968140e+01
   1.6737660e+01   1.1891771e+01   1.3994626e+01
   1.6682662e+01   1.1865907e+01   1.4020675e+01
   1.6626988e+01   1.1842044e+01   1.4046435e+01
   1.6570639e+01   1.1820088e+01   1.4072101e+01
   1.6513655e+01   1.1800453e+01   1.4097716e+01
   1.6455967e+01   1.1783308e+01   1.4123382e+01
   1.6397447e+01   1.1768346e+01   1.4149346e+01
   1.6338485e+01   1.1754806e+01   1.4175840e+01
   1.6279680e+01   1.1742660e+01   1.4202675e+01
   1.6221417e+01   1.1732757e+01   1.4229290e+01
   1.6182451e+01   1.1727777e+01   1.4246938e+01
   1.6163158e+01   1.1725679e+01   1.4255628e+01
   1.6162650e+01   1.1725624e+01   1.4255857e+01
   1.6142340e+01   1.1723427e+01   1.4265005e+01
   1.6102090e+01   1.1719874e+01   1.4283029e+01
   1.6042598e+01   1.1716871e+01   1.4309147e+01
   1.5983562e+01   1.1716328e+01   1.4334197e+01
   1.5924793e+01   1.1718452e+01   1.4358024e+01
   1.5866124e+01   1.1722808e+01   1.4380902e+01
   1.5807313e+01   1.1729553e+01   1.4402956e+01
   1.5747785e+01   1.1739335e+01   1.4424347e+01
   1.5687406e+01   1.1752052e+01   1.4445465e+01
   1.5626608e+01   1.1767313e+01   1.4466502e+01
   1.5566098e+01   1.1784726e+01   1.4487431e+01
   1.5506433e+01   1.1804404e+01   1.4507894e+01
   1.5447760e+01   1.1826539e+01   1.4527601e+01
   1.5390277e+01   1.1851185e+01   1.4546265e+01
   1.5336557e+01   1.1877377e+01   1.4562814e+01
   1.5302134e+01   1.1896205e+01   1.4572772e+01
   1.5286180e+01   1.1905328e+01   1.4577266e+01
   1.5283834e+01   1.1906669e+01   1.4577927e+01
   1.5263203e+01   1.1918542e+01   1.4583715e+01
   1.5224510e+01   1.1942041e+01   1.4594197e+01
   1.5170615e+01   1.1977373e+01   1.4608095e+01
   1.5117469e+01   1.2014629e+01   1.4621241e+01
   1.5065128e+01   1.2053358e+01   1.4633860e+01
   1.5013947e+01   1.2093484e+01   1.4645849e+01
   1.4964169e+01   1.2135285e+01   1.4656977e+01
   1.4915786e+01   1.2179094e+01   1.4667112e+01
   1.4868437e+01   1.2225000e+01   1.4676424e+01
   1.4821852e+01   1.2272539e+01   1.4685271e+01
   1.4776070e+01   1.2321014e+01   1.4693973e+01
   1.4731424e+01   1.2369748e+01   1.4702708e+01
   1.4688786e+01   1.2418743e+01   1.4711066e+01
   1.4648971e+01   1.2468721e+01   1.4718307e+01
   1.4614914e+01   1.2516676e+01   1.4723496e+01
   1.4594318e+01   1.2548733e+01   1.4725973e+01
   1.4585511e+01   1.2562917e+01   1.4726933e+01
   1.4582869e+01   1.2567172e+01   1.4727221e+01
   1.4568849e+01   1.2589984e+01   1.4728701e+01
   1.4544023e+01   1.2632438e+01   1.4730898e+01
   1.4511664e+01   1.2690624e+01   1.4733246e+01
   1.4480610e+01   1.2748937e+01   1.4734918e+01
   1.4450828e+01   1.2807095e+01   1.4735704e+01
   1.4422557e+01   1.2865506e+01   1.4734896e+01
   1.4395878e+01   1.2924721e+01   1.4731906e+01
   1.4370753e+01   1.2984785e+01   1.4726550e+01
   1.4347158e+01   1.3045644e+01   1.4718821e+01
   1.4324767e+01   1.3107209e+01   1.4709066e+01
   1.4303277e+01   1.3169155e+01   1.4697774e+01
   1.4282519e+01   1.3231104e+01   1.4685384e+01
   1.4262856e+01   1.3292950e+01   1.4671755e+01
   1.4244740e+01   1.3354549e+01   1.4656698e+01
   1.4230474e+01   1.3409153e+01   1.4641707e+01
   1.4222503e+01   1.3443385e+01   1.4631461e+01
   1.4219459e+01   1.3457081e+01   1.4627236e+01
   1.4217938e+01   1.3463930e+01   1.4625123e+01
   1.4211996e+01   1.3491327e+01   1.4616547e+01
   1.4202591e+01   1.3539258e+01   1.4600703e+01
   1.4192618e+01   1.3600561e+01   1.4578763e+01
   1.4184800e+01   1.3661292e+01   1.4555424e+01
   1.4179575e+01   1.3721125e+01   1.4530591e+01
   1.4177192e+01   1.3780385e+01   1.4503985e+01
   1.4177440e+01   1.3839872e+01   1.4475383e+01
   1.4179489e+01   1.3900027e+01   1.4445238e+01
   1.4182799e+01   1.3960166e+01   1.4414336e+01
   1.4187524e+01   1.4019373e+01   1.4383121e+01
   1.4194197e+01   1.4077101e+01   1.4351669e+01
   1.4203462e+01   1.4133126e+01   1.4319852e+01
   1.4215965e+01   1.4188092e+01   1.4287094e+01
   1.4231206e+01   1.4243073e+01   1.4253159e+01
   1.4245812e+01   1.4290215e+01   1.4223440e+01
   1.4255160e+01   1.4318922e+01   1.4205142e+01
   1.4258579e+01   1.4329252e+01   1.4198529e+01
   1.4261221e+01   1.4337235e+01   1.4193418e+01
   1.4270016e+01   1.4363487e+01   1.4176555e+01
   1.4285367e+01   1.4407637e+01   1.4147847e+01
   1.4305242e+01   1.4460728e+01   1.4112225e+01
   1.4326436e+01   1.4512044e+01   1.4076143e+01
   1.4349437e+01   1.4561413e+01   1.4039230e+01
   1.4374521e+01   1.4609285e+01   1.4001058e+01
   1.4401414e+01   1.4656239e+01   1.3961544e+01
   1.4429544e+01   1.4702395e+01   1.3921012e+01
   1.4458510e+01   1.4747400e+01   1.3879905e+01
   1.4488288e+01   1.4790702e+01   1.3838535e+01
   1.4519247e+01   1.4831872e+01   1.3796915e+01
   1.4551936e+01   1.4871041e+01   1.3754739e+01
   1.4586511e+01   1.4908807e+01   1.3711846e+01
   1.4622745e+01   1.4945674e+01   1.3668452e+01
   1.4653508e+01   1.4975459e+01   1.3632804e+01
   1.4672090e+01   1.4992936e+01   1.3611825e+01
   1.4677987e+01   1.4998429e+01   1.3605228e+01
   1.4684867e+01   1.5004837e+01   1.3597531e+01
   1.4704634e+01   1.5023042e+01   1.3575647e+01
   1.4737715e+01   1.5052464e+01   1.3540238e+01
   1.4777691e+01   1.5085497e+01   1.3499861e+01
   1.4819487e+01   1.5116129e+01   1.3460683e+01
   1.4863753e+01   1.5144643e+01   1.3422041e+01
   1.4910442e+01   1.5171470e+01   1.3383516e+01
   1.4958881e+01   1.5196912e+01   1.3345070e+01
   1.5008179e+01   1.5220660e+01   1.3307008e+01
   1.5057800e+01   1.5241914e+01   1.3269638e+01
   1.5107867e+01   1.5259841e+01   1.3232931e+01
   1.5159286e+01   1.5274233e+01   1.3196145e+01
   1.5212437e+01   1.5286050e+01   1.3158556e+01
   1.5266686e+01   1.5296085e+01   1.3120212e+01
   1.5321306e+01   1.5304537e+01   1.3081482e+01
   1.5364340e+01   1.5309864e+01   1.3050895e+01
   1.5389172e+01   1.5312403e+01   1.3033225e+01
   1.5395733e+01   1.5313037e+01   1.3028554e+01
   1.5407450e+01   1.5314170e+01   1.3020213e+01
   1.5437466e+01   1.5316771e+01   1.2998830e+01
   1.5485828e+01   1.5319759e+01   1.2964298e+01
   1.5540654e+01   1.5321481e+01   1.2925056e+01
   1.5595118e+01   1.5321373e+01   1.2886128e+01
   1.5649026e+01   1.5319058e+01   1.2847981e+01
   1.5702628e+01   1.5314091e+01   1.2810803e+01
   1.5756413e+01   1.5306590e+01   1.2774331e+01
   1.5810607e+01   1.5297258e+01   1.2738160e+01
   1.5865066e+01   1.5286860e+01   1.2702103e+01
   1.5919457e+01   1.5275406e+01   1.2666371e+01
   1.5973646e+01   1.5262510e+01   1.2631244e+01
   1.6028012e+01   1.5247489e+01   1.2596828e+01
   1.6082923e+01   1.5230406e+01   1.2563122e+01
   1.6138360e+01   1.5211545e+01   1.2530311e+01
   1.6180273e+01   1.5196260e+01   1.2506439e+01
   1.6203592e+01   1.5187359e+01   1.2493455e+01
   1.6208349e+01   1.5185526e+01   1.2490817e+01
   1.6222144e+01   1.5180211e+01   1.2483169e+01
   1.6254448e+01   1.5167422e+01   1.2465483e+01
   1.6304850e+01   1.5146044e+01   1.2438509e+01
   1.6358767e+01   1.5120783e+01   1.2409956e+01
   1.6411212e+01   1.5093175e+01   1.2382056e+01
   1.6462228e+01   1.5063098e+01   1.2354475e+01
   1.6512139e+01   1.5030639e+01   1.2327075e+01
   1.6561573e+01   1.4996289e+01   1.2299820e+01
   1.6610894e+01   1.4960488e+01   1.2273007e+01
   1.6660224e+01   1.4923290e+01   1.2247067e+01
   1.6709493e+01   1.4884894e+01   1.2222239e+01
   1.6758255e+01   1.4845374e+01   1.2198687e+01
   1.6805909e+01   1.4804669e+01   1.2176454e+01
   1.6852017e+01   1.4762295e+01   1.2155453e+01
   1.6896757e+01   1.4717842e+01   1.2135275e+01
   1.6928091e+01   1.4684495e+01   1.2121042e+01
   1.6944646e+01   1.4666300e+01   1.2113415e+01
   1.6946849e+01   1.4663869e+01   1.2112399e+01
   1.6958966e+01   1.4650495e+01   1.2106805e+01
   1.6985118e+01   1.4620949e+01   1.2094598e+01
   1.7024202e+01   1.4574543e+01   1.2075727e+01
   1.7063481e+01   1.4524676e+01   1.2055941e+01
   1.7100773e+01   1.4473372e+01   1.2036283e+01
   1.7136534e+01   1.4420330e+01   1.2016480e+01
   1.7171237e+01   1.4365818e+01   1.1996318e+01
   1.7205068e+01   1.4310397e+01   1.1975921e+01
   1.7237847e+01   1.4254618e+01   1.1955744e+01
   1.7269075e+01   1.4198624e+01   1.1936408e+01
   1.7298235e+01   1.4142206e+01   1.1918350e+01
   1.7325016e+01   1.4084673e+01   1.1901695e+01
   1.7349715e+01   1.4025381e+01   1.1886121e+01
   1.7372853e+01   1.3964270e+01   1.1871243e+01
   1.7394934e+01   1.3901791e+01   1.1856900e+01
   1.7409487e+01   1.3858667e+01   1.1847590e+01
   1.7416777e+01   1.3836554e+01   1.1843036e+01
   1.7417133e+01   1.3835476e+01   1.1842815e+01
   1.7423705e+01   1.3815519e+01   1.1838715e+01
   1.7436922e+01   1.3774507e+01   1.1830663e+01
   1.7455933e+01   1.3712314e+01   1.1819863e+01
   1.7474235e+01   1.3648720e+01   1.1810154e+01
   1.7491546e+01   1.3584547e+01   1.1801234e+01
   1.7507969e+01   1.3519814e+01   1.1792403e+01
   1.7523173e+01   1.3454815e+01   1.1783378e+01
   1.7536772e+01   1.3389660e+01   1.1774195e+01
   1.7548579e+01   1.3324169e+01   1.1765068e+01
   1.7558774e+01   1.3258150e+01   1.1756218e+01
   1.7567762e+01   1.3191662e+01   1.1747890e+01
   1.7575792e+01   1.3124958e+01   1.1740458e+01
   1.7582874e+01   1.3058120e+01   1.1734264e+01
   1.7588923e+01   1.2991120e+01   1.1729378e+01
   1.7593669e+01   1.2925128e+01   1.1725687e+01
   1.7595864e+01   1.2881564e+01   1.1723779e+01
   1.7596656e+01   1.2860411e+01   1.1722957e+01
   1.7596699e+01   1.2859267e+01   1.1722913e+01
   1.7597561e+01   1.2835830e+01   1.1722008e+01
   1.7598573e+01   1.2790236e+01   1.1720497e+01
   1.7597879e+01   1.2724076e+01   1.1719171e+01
   1.7594934e+01   1.2658137e+01   1.1719197e+01
   1.7590244e+01   1.2592118e+01   1.1720949e+01
   1.7584418e+01   1.2526221e+01   1.1724736e+01
   1.7577692e+01   1.2460623e+01   1.1730715e+01
   1.7570081e+01   1.2395471e+01   1.1738516e+01
   1.7561139e+01   1.2330999e+01   1.1747444e+01
   1.7550348e+01   1.2267435e+01   1.1756580e+01
   1.7536800e+01   1.2204918e+01   1.1765518e+01
   1.7520031e+01   1.2143186e+01   1.1774266e+01
   1.7500102e+01   1.2081836e+01   1.1783193e+01
   1.7477809e+01   1.2020664e+01   1.1792638e+01
   1.7455080e+01   1.1963011e+01   1.1802603e+01
   1.7439774e+01   1.1925964e+01   1.1809854e+01
   1.7432672e+01   1.1909105e+01   1.1813358e+01
   1.7431381e+01   1.1906039e+01   1.1813995e+01
   1.7421676e+01   1.1883079e+01   1.1818818e+01
   1.7403280e+01   1.1840671e+01   1.1828461e+01
   1.7376484e+01   1.1782900e+01   1.1843764e+01
   1.7348325e+01   1.1726396e+01   1.1860986e+01
   1.7318596e+01   1.1671335e+01   1.1880255e+01
   1.7287299e+01   1.1617471e+01   1.1901672e+01
   1.7254688e+01   1.1564583e+01   1.1925127e+01
   1.7221077e+01   1.1512691e+01   1.1950266e+01
   1.7186493e+01   1.1462054e+01   1.1976610e+01
   1.7150621e+01   1.1412676e+01   1.2003733e+01
   1.7113378e+01   1.1364169e+01   1.2031160e+01
   1.7074959e+01   1.1316045e+01   1.2058501e+01
   1.7035805e+01   1.1267961e+01   1.2085487e+01
   1.6996202e+01   1.1220416e+01   1.2112010e+01
   1.6959418e+01   1.1178190e+01   1.2135978e+01
   1.6935379e+01   1.1152258e+01   1.2151267e+01
   1.6924979e+01   1.1141344e+01   1.2157823e+01
   1.6921392e+01   1.1137580e+01   1.2160084e+01
   1.6903733e+01   1.1119223e+01   1.2171183e+01
   1.6871209e+01   1.1086962e+01   1.2191345e+01
   1.6826441e+01   1.1045122e+01   1.2218730e+01
   1.6780584e+01   1.1004109e+01   1.2246613e+01
   1.6733977e+01   1.0963775e+01   1.2274994e+01
   1.6687018e+01   1.0924155e+01   1.2303914e+01
   1.6639995e+01   1.0885666e+01   1.2333476e+01
   1.6593061e+01   1.0848712e+01   1.2363869e+01
   1.6546110e+01   1.0813482e+01   1.2395356e+01
   1.6499026e+01   1.0779763e+01   1.2428087e+01
   1.6451573e+01   1.0747404e+01   1.2461978e+01
   1.6403585e+01   1.0716200e+01   1.2496711e+01
   1.6354989e+01   1.0686103e+01   1.2531750e+01
   1.6305654e+01   1.0656905e+01   1.2566670e+01
   1.6261715e+01   1.0631400e+01   1.2597080e+01
   1.6234275e+01   1.0615358e+01   1.2615763e+01
   1.6223532e+01   1.0609070e+01   1.2623028e+01
   1.6217516e+01   1.0605548e+01   1.2627096e+01
   1.6194711e+01   1.0592193e+01   1.2642457e+01
   1.6154914e+01   1.0568879e+01   1.2668854e+01
   1.6103960e+01   1.0539825e+01   1.2701745e+01
   1.6052573e+01   1.0512492e+01   1.2733809e+01
   1.6000255e+01   1.0487633e+01   1.2765194e+01
   1.5946616e+01   1.0465327e+01   1.2796210e+01
   1.5891592e+01   1.0445274e+01   1.2827141e+01
   1.5835385e+01   1.0426798e+01   1.2858340e+01
   1.5778676e+01   1.0409001e+01   1.2890081e+01
   1.5722120e+01   1.0391409e+01   1.2922529e+01
   1.5665888e+01   1.0374122e+01   1.2955833e+01
   1.5610028e+01   1.0357346e+01   1.2989988e+01
   1.5554471e+01   1.0341564e+01   1.3024707e+01
   1.5499080e+01   1.0327204e+01   1.3059692e+01
   1.5452165e+01   1.0316345e+01   1.3089504e+01
   1.5423649e+01   1.0310332e+01   1.3107747e+01
   1.5413652e+01   1.0308295e+01   1.3114160e+01
   1.5405083e+01   1.0306548e+01   1.3119657e+01
   1.5377911e+01   1.0301176e+01   1.3137131e+01
   1.5331881e+01   1.0292948e+01   1.3166984e+01
   1.5275308e+01   1.0283913e+01   1.3204159e+01
   1.5218466e+01   1.0275635e+01   1.3241862e+01
   1.5161651e+01   1.0268096e+01   1.3279668e+01
   1.5105233e+01   1.0261606e+01   1.3317136e+01
   1.5049255e+01   1.0256813e+01   1.3354098e+01
   1.4993477e+01   1.0254115e+01   1.3390678e+01
   1.4937765e+01   1.0253695e+01   1.3426838e+01
   1.4881991e+01   1.0255604e+01   1.3462267e+01
   1.4825981e+01   1.0259761e+01   1.3496430e+01
   1.4769317e+01   1.0266031e+01   1.3528857e+01
   1.4711546e+01   1.0273967e+01   1.3559351e+01
   1.4652482e+01   1.0283176e+01   1.3587884e+01
   1.4603571e+01   1.0291467e+01   1.3609625e+01
   1.4574507e+01   1.0296730e+01   1.3621939e+01
   1.4565671e+01   1.0298367e+01   1.3625636e+01
   1.4554237e+01   1.0300487e+01   1.3630421e+01
   1.4522472e+01   1.0306550e+01   1.3643499e+01
   1.4470356e+01   1.0317493e+01   1.3664232e+01
   1.4409780e+01   1.0332196e+01   1.3687984e+01
   1.4350084e+01   1.0348850e+01   1.3711751e+01
   1.4291962e+01   1.0367357e+01   1.3735728e+01
   1.4235841e+01   1.0387803e+01   1.3759842e+01
   1.4181246e+01   1.0410223e+01   1.3784148e+01
   1.4127296e+01   1.0433961e+01   1.3808874e+01
   1.4073979e+01   1.0459031e+01   1.3833592e+01
   1.4021357e+01   1.0485867e+01   1.3857877e+01
   1.3969123e+01   1.0514430e+01   1.3881781e+01
   1.3917398e+01   1.0545257e+01   1.3905124e+01
   1.3866160e+01   1.0578897e+01   1.3927920e+01
   1.3815212e+01   1.0615250e+01   1.3950429e+01
   1.3775800e+01   1.0645162e+01   1.3967896e+01
   1.3753420e+01   1.0662643e+01   1.3977877e+01
   1.3747836e+01   1.0667035e+01   1.3980371e+01
   1.3736668e+01   1.0675818e+01   1.3985360e+01
   1.3708854e+01   1.0697990e+01   1.3997820e+01
   1.3664925e+01   1.0734082e+01   1.4017618e+01
   1.3616498e+01   1.0775162e+01   1.4039413e+01
   1.3569254e+01   1.0816681e+01   1.4060281e+01
   1.3522903e+01   1.0858582e+01   1.4079953e+01
   1.3476847e+01   1.0900766e+01   1.4098226e+01
   1.3430547e+01   1.0943611e+01   1.4114728e+01
   1.3383305e+01   1.0986990e+01   1.4129455e+01
   1.3334868e+01   1.1030747e+01   1.4142652e+01
   1.3285691e+01   1.1075112e+01   1.4154623e+01
   1.3236596e+01   1.1120281e+01   1.4165694e+01
   1.3188109e+01   1.1166526e+01   1.4176079e+01
   1.3140230e+01   1.1213855e+01   1.4185951e+01
   1.3092876e+01   1.1261916e+01   1.4195360e+01
   1.3058090e+01   1.1297863e+01   1.4201973e+01
   1.3039107e+01   1.1317763e+01   1.4205435e+01
   1.3035556e+01   1.1321498e+01   1.4206077e+01
   1.3023717e+01   1.1333947e+01   1.4208217e+01
   1.2996687e+01   1.1362667e+01   1.4212959e+01
   1.2955210e+01   1.1408241e+01   1.4219570e+01
   1.2911161e+01   1.1458754e+01   1.4225663e+01
   1.2867870e+01   1.1510335e+01   1.4230713e+01
   1.2825503e+01   1.1562611e+01   1.4234682e+01
   1.2784296e+01   1.1615522e+01   1.4237414e+01
   1.2744151e+01   1.1669127e+01   1.4238866e+01
   1.2704844e+01   1.1723519e+01   1.4239050e+01
   1.2665858e+01   1.1778643e+01   1.4238144e+01
   1.2626836e+01   1.1834197e+01   1.4236346e+01
   1.2587627e+01   1.1889861e+01   1.4233810e+01
   1.2548483e+01   1.1945479e+01   1.4230513e+01
   1.2509889e+01   1.2001143e+01   1.4226294e+01
   1.2472207e+01   1.2056974e+01   1.4221062e+01
   1.2446425e+01   1.2096711e+01   1.4216586e+01
   1.2433106e+01   1.2117902e+01   1.4213949e+01
   1.2431597e+01   1.2120311e+01   1.4213646e+01
   1.2421336e+01   1.2136698e+01   1.4211585e+01
   1.2399741e+01   1.2172058e+01   1.4206824e+01
   1.2367843e+01   1.2227261e+01   1.4198430e+01
   1.2335427e+01   1.2286112e+01   1.4188683e+01
   1.2303518e+01   1.2345726e+01   1.4178362e+01
   1.2272206e+01   1.2405380e+01   1.4167770e+01
   1.2241946e+01   1.2464771e+01   1.4156869e+01
   1.2213181e+01   1.2524140e+01   1.4145393e+01
   1.2186097e+01   1.2583799e+01   1.4133113e+01
   1.2160541e+01   1.2644115e+01   1.4119900e+01
   1.2135863e+01   1.2704876e+01   1.4106066e+01
   1.2111468e+01   1.2765418e+01   1.4092055e+01
   1.2087077e+01   1.2825364e+01   1.4078082e+01
   1.2062756e+01   1.2884735e+01   1.4064095e+01
   1.2038872e+01   1.2944177e+01   1.4049661e+01
   1.2023328e+01   1.2984827e+01   1.4039276e+01
   1.2015643e+01   1.3005564e+01   1.4033822e+01
   1.2015451e+01   1.3006083e+01   1.4033686e+01
   1.2008154e+01   1.3025787e+01   1.4028501e+01
   1.1993707e+01   1.3065996e+01   1.4017636e+01
   1.1972964e+01   1.3127328e+01   1.4000184e+01
   1.1952993e+01   1.3189601e+01   1.3981624e+01
   1.1934078e+01   1.3251813e+01   1.3962251e+01
   1.1916611e+01   1.3313590e+01   1.3942108e+01
   1.1901120e+01   1.3374780e+01   1.3921141e+01
   1.1888002e+01   1.3435773e+01   1.3899149e+01
   1.1876836e+01   1.3497400e+01   1.3876048e+01
   1.1866500e+01   1.3559905e+01   1.3852294e+01
   1.1856141e+01   1.3622637e+01   1.3828636e+01
   1.1845660e+01   1.3684928e+01   1.3805489e+01
   1.1836095e+01   1.3746256e+01   1.3782607e+01
   1.1828928e+01   1.3806322e+01   1.3759409e+01
   1.1825262e+01   1.3864135e+01   1.3735823e+01
   1.1824906e+01   1.3902225e+01   1.3719520e+01
   1.1825118e+01   1.3920612e+01   1.3711525e+01
   1.1825136e+01   1.3922144e+01   1.3710859e+01
   1.1825420e+01   1.3943606e+01   1.3701515e+01
   1.1826956e+01   1.3985286e+01   1.3683053e+01
   1.1830532e+01   1.4046618e+01   1.3655572e+01
   1.1834674e+01   1.4108624e+01   1.3627738e+01
   1.1839067e+01   1.4170750e+01   1.3599796e+01
   1.1843439e+01   1.4232618e+01   1.3571844e+01
   1.1847980e+01   1.4293938e+01   1.3543743e+01
   1.1853246e+01   1.4354649e+01   1.3515117e+01
   1.1859500e+01   1.4414659e+01   1.3485730e+01
   1.1866888e+01   1.4473835e+01   1.3455488e+01
   1.1875473e+01   1.4532146e+01   1.3424369e+01
   1.1885396e+01   1.4589762e+01   1.3392337e+01
   1.1896610e+01   1.4647013e+01   1.3359425e+01
   1.1909007e+01   1.4704272e+01   1.3325729e+01
   1.1921272e+01   1.4758208e+01   1.3293672e+01
   1.1929502e+01   1.4792896e+01   1.3273000e+01
   1.1933302e+01   1.4808470e+01   1.3263711e+01
   1.1934133e+01   1.4811877e+01   1.3261679e+01
   1.1939625e+01   1.4834245e+01   1.3248334e+01
   1.1950145e+01   1.4875319e+01   1.3223803e+01
   1.1966046e+01   1.4930914e+01   1.3190418e+01
   1.1983933e+01   1.4985736e+01   1.3157133e+01
   1.2003617e+01   1.5040177e+01   1.3123660e+01
   1.2024457e+01   1.5094143e+01   1.3090059e+01
   1.2046310e+01   1.5147343e+01   1.3056389e+01
   1.2069031e+01   1.5199835e+01   1.3022567e+01
   1.2092030e+01   1.5251873e+01   1.2988573e+01
   1.2115047e+01   1.5303551e+01   1.2954403e+01
   1.2137778e+01   1.5355013e+01   1.2920071e+01
   1.2160302e+01   1.5406235e+01   1.2885589e+01
   1.2182813e+01   1.5457277e+01   1.2850924e+01
   1.2206196e+01   1.5507957e+01   1.2815995e+01
   1.2228878e+01   1.5553224e+01   1.2784156e+01
   1.2244224e+01   1.5581355e+01   1.2763987e+01
   1.2250823e+01   1.5593045e+01   1.2755540e+01
   1.2253416e+01   1.5597637e+01   1.2752222e+01
   1.2265331e+01   1.5618464e+01   1.2737126e+01
   1.2287616e+01   1.5655195e+01   1.2710135e+01
   1.2318586e+01   1.5703388e+01   1.2674262e+01
   1.2350615e+01   1.5751596e+01   1.2638124e+01
   1.2383250e+01   1.5799622e+01   1.2601943e+01
   1.2416482e+01   1.5847041e+01   1.2565926e+01
   1.2450617e+01   1.5893652e+01   1.2530055e+01
   1.2485776e+01   1.5939541e+01   1.2494207e+01
   1.2521822e+01   1.5984691e+01   1.2458385e+01
   1.2558656e+01   1.6028869e+01   1.2422679e+01
   1.2596521e+01   1.6071869e+01   1.2387038e+01
   1.2635645e+01   1.6113836e+01   1.2351226e+01
   1.2675967e+01   1.6155105e+01   1.2315040e+01
   1.2717096e+01   1.6195867e+01   1.2278566e+01
   1.2753478e+01   1.6230861e+01   1.2246772e+01
   1.2776255e+01   1.6252181e+01   1.2227232e+01
   1.2784981e+01   1.6260261e+01   1.2219808e+01
   1.2790435e+01   1.6265311e+01   1.2215168e+01
   1.2810138e+01   1.6283432e+01   1.2198492e+01
   1.2844526e+01   1.6314286e+01   1.2169975e+01
   1.2888656e+01   1.6352469e+01   1.2134586e+01
   1.2933579e+01   1.6389868e+01   1.2099819e+01
   1.2979245e+01   1.6426094e+01   1.2065777e+01
   1.3025825e+01   1.6460832e+01   1.2032340e+01
   1.3073444e+01   1.6494279e+01   1.1999137e+01
   1.3121817e+01   1.6527097e+01   1.1965772e+01
   1.3170355e+01   1.6560115e+01   1.1931948e+01
   1.3218745e+01   1.6593696e+01   1.1897555e+01
   1.3267017e+01   1.6627531e+01   1.1862725e+01
   1.3315375e+01   1.6660992e+01   1.1827707e+01
   1.3363959e+01   1.6693527e+01   1.1792746e+01
   1.3412976e+01   1.6724767e+01   1.1757942e+01
   1.3454546e+01   1.6749913e+01   1.1728820e+01
   1.3479832e+01   1.6764762e+01   1.1711199e+01
   1.3488429e+01   1.6769774e+01   1.1705212e+01
   1.3496595e+01   1.6774536e+01   1.1699524e+01
   1.3521594e+01   1.6789012e+01   1.1682122e+01
   1.3563685e+01   1.6813082e+01   1.1652776e+01
   1.3614666e+01   1.6841764e+01   1.1617189e+01
   1.3665668e+01   1.6869653e+01   1.1581792e+01
   1.3716448e+01   1.6896197e+01   1.1547088e+01
   1.3767219e+01   1.6920919e+01   1.1513356e+01
   1.3818540e+01   1.6944092e+01   1.1480329e+01
   1.3870995e+01   1.6966054e+01   1.1447669e+01
   1.3924969e+01   1.6986788e+01   1.1415214e+01
   1.3980115e+01   1.7006283e+01   1.1383026e+01
   1.4036184e+01   1.7024182e+01   1.1351284e+01
   1.4093376e+01   1.7040505e+01   1.1319776e+01
   1.4151561e+01   1.7055744e+01   1.1288150e+01
   1.4210182e+01   1.7070342e+01   1.1256260e+01
   1.4257271e+01   1.7081645e+01   1.1230462e+01
   1.4284846e+01   1.7088022e+01   1.1215313e+01
   1.4292871e+01   1.7089857e+01   1.1210901e+01
   1.4304408e+01   1.7092496e+01   1.1204558e+01
   1.4335525e+01   1.7099501e+01   1.1187431e+01
   1.4386362e+01   1.7110457e+01   1.1159378e+01
   1.4445276e+01   1.7122657e+01   1.1126718e+01
   1.4504013e+01   1.7134363e+01   1.1094124e+01
   1.4562711e+01   1.7145220e+01   1.1061943e+01
   1.4621732e+01   1.7154896e+01   1.1030402e+01
   1.4681441e+01   1.7163325e+01   1.0999446e+01
   1.4741708e+01   1.7170631e+01   1.0968998e+01
   1.4802237e+01   1.7176674e+01   1.0939177e+01
   1.4863046e+01   1.7181298e+01   1.0909970e+01
   1.4924095e+01   1.7184546e+01   1.0881297e+01
   1.4985213e+01   1.7186406e+01   1.0853264e+01
   1.5046456e+01   1.7186833e+01   1.0825972e+01
   1.5107975e+01   1.7185891e+01   1.0799431e+01
   1.5155741e+01   1.7184199e+01   1.0779507e+01
   1.5183022e+01   1.7182965e+01   1.0768329e+01
   1.5189453e+01   1.7182661e+01   1.0765705e+01
   1.5203922e+01   1.7181976e+01   1.0759800e+01
   1.5239439e+01   1.7180128e+01   1.0745431e+01
   1.5296519e+01   1.7176641e+01   1.0722741e+01
   1.5360639e+01   1.7172469e+01   1.0697431e+01
   1.5424804e+01   1.7168348e+01   1.0671975e+01
   1.5488686e+01   1.7164371e+01   1.0646334e+01
   1.5552184e+01   1.7160230e+01   1.0620630e+01
   1.5615232e+01   1.7155406e+01   1.0595081e+01
   1.5677805e+01   1.7149494e+01   1.0569791e+01
   1.5740204e+01   1.7142248e+01   1.0544648e+01
   1.5802717e+01   1.7134008e+01   1.0519197e+01
   1.5865252e+01   1.7125290e+01   1.0493136e+01
   1.5927702e+01   1.7116456e+01   1.0466330e+01
   1.5989995e+01   1.7107462e+01   1.0438928e+01
   1.6052054e+01   1.7098059e+01   1.0411240e+01
   1.6097543e+01   1.7090697e+01   1.0390856e+01
   1.6122376e+01   1.7086505e+01   1.0379749e+01
   1.6126602e+01   1.7085787e+01   1.0377860e+01
   1.6142978e+01   1.7083002e+01   1.0370540e+01
   1.6179930e+01   1.7076542e+01   1.0354053e+01
   1.6237411e+01   1.7065772e+01   1.0328682e+01
   1.6299077e+01   1.7053307e+01   1.0301913e+01
   1.6360718e+01   1.7039995e+01   1.0275564e+01
   1.6422283e+01   1.7026046e+01   1.0249432e+01
   1.6483670e+01   1.7011733e+01   1.0223215e+01
   1.6544856e+01   1.6997029e+01   1.0196740e+01
   1.6605790e+01   1.6981766e+01   1.0169946e+01
   1.6666319e+01   1.6965910e+01   1.0142792e+01
   1.6726287e+01   1.6949323e+01   1.0115451e+01
   1.6785606e+01   1.6931794e+01   1.0088275e+01
   1.6844471e+01   1.6912942e+01   1.0061708e+01
   1.6903414e+01   1.6892537e+01   1.0035902e+01
   1.6962783e+01   1.6870820e+01   1.0010708e+01
   1.7004679e+01   1.6854964e+01   9.9933681e+00
   1.7026701e+01   1.6846541e+01   9.9843280e+00
   1.7028750e+01   1.6845756e+01   9.9834875e+00
   1.7046678e+01   1.6838891e+01   9.9761331e+00
   1.7084653e+01   1.6824229e+01   9.9606538e+00
   1.7142764e+01   1.6801482e+01   9.9371232e+00
   1.7202955e+01   1.6777656e+01   9.9126853e+00
   1.7262976e+01   1.6753566e+01   9.8881615e+00
   1.7322662e+01   1.6729133e+01   9.8636506e+00
   1.7381861e+01   1.6704216e+01   9.8393501e+00
   1.7440547e+01   1.6678424e+01   9.8156230e+00
   1.7498746e+01   1.6651397e+01   9.7927577e+00
   1.7556183e+01   1.6623297e+01   9.7707683e+00
   1.7612148e+01   1.6595210e+01   9.7491798e+00
   1.7665389e+01   1.6569452e+01   9.7268662e+00
   1.7714849e+01   1.6548724e+01   9.7024093e+00
   1.7760429e+01   1.6535008e+01   9.6747029e+00
   1.7803220e+01   1.6528598e+01   9.6435373e+00
   1.7831088e+01   1.6527933e+01   9.6210357e+00
   1.7845017e+01   1.6527586e+01   9.6097920e+00
