   1.2775323e+01   1.0494671e+01   9.1214055e-01
   1.2785370e+01   1.0480116e+01   8.9138303e-01
   1.2805468e+01   1.0450995e+01   8.4984317e-01
   1.2838942e+01   1.0408467e+01   7.9272095e-01
   1.2878664e+01   1.0366705e+01   7.4162183e-01
   1.2925534e+01   1.0325421e+01   6.9502643e-01
   1.2978531e+01   1.0285286e+01   6.5141202e-01
   1.3036011e+01   1.0247843e+01   6.1072495e-01
   1.3097270e+01   1.0214408e+01   5.7355661e-01
   1.3162355e+01   1.0185607e+01   5.3998011e-01
   1.3230993e+01   1.0161651e+01   5.0979768e-01
   1.3302483e+01   1.0142778e+01   4.8310900e-01
   1.3351640e+01   1.0133795e+01   4.6783917e-01
   1.3376538e+01   1.0130234e+01   4.6086756e-01
   1.3401437e+01   1.0126673e+01   4.5389595e-01
   1.3451875e+01   1.0121411e+01   4.4127933e-01
   1.3529293e+01   1.0119027e+01   4.2632437e-01
   1.3608252e+01   1.0121884e+01   4.1519706e-01
   1.3688040e+01   1.0129549e+01   4.0753505e-01
   1.3767830e+01   1.0141689e+01   4.0360514e-01
   1.3847478e+01   1.0157955e+01   4.0378408e-01
   1.3926756e+01   1.0177849e+01   4.0790815e-01
   1.4004755e+01   1.0201063e+01   4.1563212e-01
   1.4080423e+01   1.0227745e+01   4.2689112e-01
   1.4153234e+01   1.0258185e+01   4.4179581e-01
   1.4199748e+01   1.0281015e+01   4.5428807e-01
   1.4222548e+01   1.0293074e+01   4.6126482e-01
   1.4245347e+01   1.0305134e+01   4.6824157e-01
   1.4290031e+01   1.0330541e+01   4.8365632e-01
   1.4355420e+01   1.0372361e+01   5.1117724e-01
   1.4419726e+01   1.0416930e+01   5.4223160e-01
   1.4482140e+01   1.0462937e+01   5.7585775e-01
   1.4541274e+01   1.0509647e+01   6.1173606e-01
   1.4596112e+01   1.0557045e+01   6.5008074e-01
   1.4646191e+01   1.0605542e+01   6.9135419e-01
   1.4691756e+01   1.0655841e+01   7.3611519e-01
   1.4733884e+01   1.0708606e+01   7.8459023e-01
   1.4773684e+01   1.0763541e+01   8.3571288e-01
   1.4798430e+01   1.0800768e+01   8.7069745e-01
   1.4810194e+01   1.0819360e+01   8.8833358e-01
   1.4821958e+01   1.0837953e+01   9.0596971e-01
   1.4844266e+01   1.0875095e+01   9.4152968e-01
   1.4873169e+01   1.0930067e+01   9.9570410e-01
   1.4896477e+01   1.0983639e+01   1.0504467e+00
   1.4912731e+01   1.1035540e+01   1.1057805e+00
   1.4920911e+01   1.1086649e+01   1.1625088e+00
   1.4921343e+01   1.1138702e+01   1.2216753e+00
   1.4915904e+01   1.1193032e+01   1.2833659e+00
   1.4906571e+01   1.1249274e+01   1.3461737e+00
   1.4894273e+01   1.1305768e+01   1.4080832e+00
   1.4878574e+01   1.1360418e+01   1.4675328e+00
   1.4864831e+01   1.1394521e+01   1.5054216e+00
   1.4856876e+01   1.1410928e+01   1.5241697e+00
   1.4848921e+01   1.1427336e+01   1.5429178e+00
   1.4830844e+01   1.1458864e+01   1.5800214e+00
   1.4796710e+01   1.1503172e+01   1.6365407e+00
   1.4756647e+01   1.1545838e+01   1.6953043e+00
   1.4712908e+01   1.1587357e+01   1.7560088e+00
   1.4667440e+01   1.1626937e+01   1.8170722e+00
   1.4620813e+01   1.1663171e+01   1.8769087e+00
   1.4572346e+01   1.1694940e+01   1.9347037e+00
   1.4520764e+01   1.1721956e+01   1.9903795e+00
   1.4464876e+01   1.1745044e+01   2.0441725e+00
   1.4404207e+01   1.1765919e+01   2.0963093e+00
   1.4360923e+01   1.1779587e+01   2.1300557e+00
   1.4338804e+01   1.1786538e+01   2.1466755e+00
   1.4316684e+01   1.1793488e+01   2.1632952e+00
   1.4271491e+01   1.1807620e+01   2.1960280e+00
   1.4202648e+01   1.1829160e+01   2.2431366e+00
   1.4134140e+01   1.1849020e+01   2.2872030e+00
   1.4065957e+01   1.1864685e+01   2.3273139e+00
   1.3996740e+01   1.1874682e+01   2.3632467e+00
   1.3924764e+01   1.1879021e+01   2.3952868e+00
   1.3848967e+01   1.1878817e+01   2.4240514e+00
   1.3769721e+01   1.1875585e+01   2.4501560e+00
   1.3688715e+01   1.1870119e+01   2.4738882e+00
   1.3607511e+01   1.1861956e+01   2.4953246e+00
   1.3553376e+01   1.1854167e+01   2.5082690e+00
   1.3526198e+01   1.1849673e+01   2.5144833e+00
   1.3499019e+01   1.1845178e+01   2.5206976e+00
   1.3444441e+01   1.1834990e+01   2.5326104e+00
   1.3361898e+01   1.1816948e+01   2.5492050e+00
   1.3279859e+01   1.1796791e+01   2.5642901e+00
   1.3199392e+01   1.1774161e+01   2.5773906e+00
   1.3120700e+01   1.1748395e+01   2.5882328e+00
   1.3044225e+01   1.1719388e+01   2.5965384e+00
   1.2970436e+01   1.1686612e+01   2.6015904e+00
   1.2898497e+01   1.1649329e+01   2.6028540e+00
   1.2826914e+01   1.1607564e+01   2.6005347e+00
   1.2754962e+01   1.1562310e+01   2.5954307e+00
   1.2707178e+01   1.1530651e+01   2.5906980e+00
   1.2683545e+01   1.1514577e+01   2.5880773e+00
   1.2659911e+01   1.1498502e+01   2.5854566e+00
   1.2613159e+01   1.1465863e+01   2.5797064e+00
   1.2545867e+01   1.1415487e+01   2.5696661e+00
   1.2482447e+01   1.1363609e+01   2.5579355e+00
   1.2423860e+01   1.1310320e+01   2.5435968e+00
   1.2370156e+01   1.1254945e+01   2.5249880e+00
   1.2319463e+01   1.1196421e+01   2.5010099e+00
   1.2269538e+01   1.1134776e+01   2.4722896e+00
   1.2219982e+01   1.1071495e+01   2.4408222e+00
   1.2172700e+01   1.1008203e+01   2.4082956e+00
   1.2129808e+01   1.0945212e+01   2.3751294e+00
   1.2104899e+01   1.0902831e+01   2.3522971e+00
   1.2093355e+01   1.0881329e+01   2.3405937e+00
   1.2081810e+01   1.0859826e+01   2.3288902e+00
   1.2060543e+01   1.0816197e+01   2.3049087e+00
   1.2033097e+01   1.0747877e+01   2.2667988e+00
   1.2008717e+01   1.0676988e+01   2.2269521e+00
   1.1987041e+01   1.0604696e+01   2.1861626e+00
   1.1968259e+01   1.0531890e+01   2.1449638e+00
   1.1952741e+01   1.0459391e+01   2.1037067e+00
   1.1941342e+01   1.0388109e+01   2.0626110e+00
   1.1935239e+01   1.0318456e+01   2.0214341e+00
   1.1935210e+01   1.0249903e+01   1.9793135e+00
   1.1940974e+01   1.0181443e+01   1.9351584e+00
   1.1947689e+01   1.0135569e+01   1.9039518e+00
   1.1951502e+01   1.0112700e+01   1.8879559e+00
   1.1955315e+01   1.0089832e+01   1.8719601e+00
   1.1963852e+01   1.0044232e+01   1.8391832e+00
   1.1978723e+01   9.9776442e+00   1.7886260e+00
   1.1996316e+01   9.9140356e+00   1.7374815e+00
   1.2017992e+01   9.8531435e+00   1.6855293e+00
   1.2043877e+01   9.7938939e+00   1.6324405e+00
   1.2073354e+01   9.7359944e+00   1.5789066e+00
   1.2106314e+01   9.6798165e+00   1.5260382e+00
   1.2143135e+01   9.6252998e+00   1.4742441e+00
   1.2183815e+01   9.5720380e+00   1.4235267e+00
   1.2227995e+01   9.5198586e+00   1.3741640e+00
   1.2259820e+01   9.4856632e+00   1.3422584e+00
   1.2276311e+01   9.4686228e+00   1.3264555e+00
   1.2292802e+01   9.4515824e+00   1.3106526e+00
   1.2326940e+01   9.4176161e+00   1.2793464e+00
   1.2380431e+01   9.3671581e+00   1.2328900e+00
   1.2435105e+01   9.3185025e+00   1.1875278e+00
   1.2491131e+01   9.2729746e+00   1.1438504e+00
   1.2549332e+01   9.2312059e+00   1.1016934e+00
   1.2610027e+01   9.1934473e+00   1.0606003e+00
   1.2672837e+01   9.1600125e+00   1.0208705e+00
   1.2737567e+01   9.1313087e+00   9.8382427e-01
   1.2804984e+01   9.1073617e+00   9.5079265e-01
   1.2876402e+01   9.0875267e+00   9.2206087e-01
   1.2927096e+01   9.0763589e+00   9.0512753e-01
   1.2953075e+01   9.0711815e+00   8.9699537e-01
   1.2979054e+01   9.0660042e+00   8.8886321e-01
   1.3032278e+01   9.0564625e+00   8.7326790e-01
   1.3114167e+01   9.0444601e+00   8.5108315e-01
   1.3196535e+01   9.0350438e+00   8.3021913e-01
   1.3278711e+01   9.0286215e+00   8.1132220e-01
   1.3360790e+01   9.0254771e+00   7.9498478e-01
   1.3443044e+01   9.0257155e+00   7.8148814e-01
   1.3525633e+01   9.0293555e+00   7.7090049e-01
   1.3608763e+01   9.0363323e+00   7.6318451e-01
   1.3692791e+01   9.0463700e+00   7.5811207e-01
   1.3777903e+01   9.0589403e+00   7.5521102e-01
   1.3835122e+01   9.0685865e+00   7.5439976e-01
   1.3863719e+01   9.0736533e+00   7.5424736e-01
   1.3892316e+01   9.0787201e+00   7.5409496e-01
   1.3949484e+01   9.0893409e+00   7.5429661e-01
   1.4034212e+01   9.1066044e+00   7.5624896e-01
   1.4116918e+01   9.1254392e+00   7.6032393e-01
   1.4197104e+01   9.1464577e+00   7.6733317e-01
   1.4275236e+01   9.1703379e+00   7.7801265e-01
   1.4352119e+01   9.1972778e+00   7.9249884e-01
   1.4428147e+01   9.2270291e+00   8.1053855e-01
   1.4503536e+01   9.2593323e+00   8.3184183e-01
   1.4578782e+01   9.2939547e+00   8.5587984e-01
   1.4653909e+01   9.3302211e+00   8.8156828e-01
   1.4702841e+01   9.3548471e+00   8.9920268e-01
   1.4726670e+01   9.3672578e+00   9.0824569e-01
   1.4750499e+01   9.3796684e+00   9.1728871e-01
   1.4796882e+01   9.4046851e+00   9.3582637e-01
   1.4862209e+01   9.4438178e+00   9.6646238e-01
   1.4924298e+01   9.4855247e+00   1.0005294e+00
   1.4983806e+01   9.5301176e+00   1.0375575e+00
   1.5040848e+01   9.5775109e+00   1.0768614e+00
   1.5095562e+01   9.6274057e+00   1.1181963e+00
   1.5148148e+01   9.6790256e+00   1.1614229e+00
   1.5198245e+01   9.7312631e+00   1.2063333e+00
   1.5245160e+01   9.7836025e+00   1.2531745e+00
   1.5288894e+01   9.8363546e+00   1.3025627e+00
   1.5316387e+01   9.8720052e+00   1.3372942e+00
   1.5329777e+01   9.8899062e+00   1.3550197e+00
   1.5343167e+01   9.9078071e+00   1.3727451e+00
   1.5369235e+01   9.9437601e+00   1.4089155e+00
   1.5405828e+01   9.9975214e+00   1.4645091e+00
   1.5438959e+01   1.0050685e+01   1.5209844e+00
   1.5467811e+01   1.0103535e+01   1.5786866e+00
   1.5492443e+01   1.0156800e+01   1.6382091e+00
   1.5513408e+01   1.0210704e+01   1.6994486e+00
   1.5530813e+01   1.0264678e+01   1.7616502e+00
   1.5544087e+01   1.0318131e+01   1.8243258e+00
   1.5552732e+01   1.0371211e+01   1.8877949e+00
   1.5556998e+01   1.0424547e+01   1.9527127e+00
   1.5557575e+01   1.0460443e+01   1.9970881e+00
   1.5557456e+01   1.0478360e+01   2.0194570e+00
   1.5557336e+01   1.0496278e+01   2.0418259e+00
   1.5556282e+01   1.0532053e+01   2.0869263e+00
   1.5552448e+01   1.0584476e+01   2.1549453e+00
   1.5545824e+01   1.0635436e+01   2.2230886e+00
   1.5535921e+01   1.0685835e+01   2.2914859e+00
   1.5523013e+01   1.0736425e+01   2.3603968e+00
   1.5507845e+01   1.0786929e+01   2.4296727e+00
   1.5490707e+01   1.0836457e+01   2.4986036e+00
   1.5471076e+01   1.0884452e+01   2.5667056e+00
   1.5448307e+01   1.0930995e+01   2.6340623e+00
   1.5422212e+01   1.0976271e+01   2.7008176e+00
   1.5402667e+01   1.1005446e+01   2.7448241e+00
   1.5392352e+01   1.1019687e+01   2.7666723e+00
   1.5382038e+01   1.1033928e+01   2.7885204e+00
   1.5360325e+01   1.1061716e+01   2.8319064e+00
   1.5324277e+01   1.1100891e+01   2.8962057e+00
   1.5284538e+01   1.1137552e+01   2.9603164e+00
   1.5241232e+01   1.1172165e+01   3.0251009e+00
   1.5195271e+01   1.1205403e+01   3.0910694e+00
   1.5147979e+01   1.1237429e+01   3.1576621e+00
   1.5100003e+01   1.1267726e+01   3.2236705e+00
   1.5050795e+01   1.1295779e+01   3.2884041e+00
   1.4999524e+01   1.1321706e+01   3.3519635e+00
   1.4945933e+01   1.1345914e+01   3.4144463e+00
   1.4908779e+01   1.1361007e+01   3.4551997e+00
   1.4889870e+01   1.1368263e+01   3.4752932e+00
   1.4870960e+01   1.1375519e+01   3.4953867e+00
   1.4832477e+01   1.1389451e+01   3.5350073e+00
   1.4772776e+01   1.1408307e+01   3.5925937e+00
   1.4711220e+01   1.1424775e+01   3.6482710e+00
   1.4648021e+01   1.1438408e+01   3.7018598e+00
   1.4583161e+01   1.1448738e+01   3.7531591e+00
   1.4516264e+01   1.1455572e+01   3.8022110e+00
   1.4446993e+01   1.1459151e+01   3.8493026e+00
   1.4375501e+01   1.1459945e+01   3.8946492e+00
   1.4302139e+01   1.1458268e+01   3.9382711e+00
   1.4226834e+01   1.1454356e+01   3.9804348e+00
   1.4175258e+01   1.1450667e+01   4.0080631e+00
   1.4149227e+01   1.1448697e+01   4.0218602e+00
   1.4123196e+01   1.1446726e+01   4.0356574e+00
   1.4070648e+01   1.1442532e+01   4.0632177e+00
   1.3991583e+01   1.1436084e+01   4.1044568e+00
   1.3913326e+01   1.1429251e+01   4.1447864e+00
   1.3836146e+01   1.1421183e+01   4.1830988e+00
   1.3759588e+01   1.1411092e+01   4.2186447e+00
   1.3683221e+01   1.1398578e+01   4.2509968e+00
   1.3606911e+01   1.1383364e+01   4.2797443e+00
   1.3530304e+01   1.1365060e+01   4.3046362e+00
   1.3452615e+01   1.1343445e+01   4.3259992e+00
   1.3373273e+01   1.1318810e+01   4.3447331e+00
   1.3319466e+01   1.1300805e+01   4.3561155e+00
   1.3292474e+01   1.1291497e+01   4.3616324e+00
   1.3265483e+01   1.1282190e+01   4.3671493e+00
   1.3211325e+01   1.1262965e+01   4.3778345e+00
   1.3130270e+01   1.1232527e+01   4.3930847e+00
   1.3049846e+01   1.1200579e+01   4.4076175e+00
   1.2970457e+01   1.1167084e+01   4.4212905e+00
   1.2892261e+01   1.1131726e+01   4.4338757e+00
   1.2815012e+01   1.1094168e+01   4.4453122e+00
   1.2738573e+01   1.1054521e+01   4.4556389e+00
   1.2663387e+01   1.1013291e+01   4.4645188e+00
   1.2589887e+01   1.0970820e+01   4.4710145e+00
   1.2517676e+01   1.0927159e+01   4.4741515e+00
   1.2469777e+01   1.0897350e+01   4.4737507e+00
   1.2445804e+01   1.0882322e+01   4.4729625e+00
   1.2421831e+01   1.0867293e+01   4.4721743e+00
   1.2373836e+01   1.0836988e+01   4.4694222e+00
   1.2301947e+01   1.0790961e+01   4.4621324e+00
   1.2230833e+01   1.0744342e+01   4.4519969e+00
   1.2161269e+01   1.0696860e+01   4.4391721e+00
   1.2093515e+01   1.0647759e+01   4.4237015e+00
   1.2026824e+01   1.0596216e+01   4.4060121e+00
   1.1960328e+01   1.0542412e+01   4.3872778e+00
   1.1894199e+01   1.0487325e+01   4.3687791e+00
   1.1829620e+01   1.0431550e+01   4.3509765e+00
   1.1767753e+01   1.0374792e+01   4.3334041e+00
   1.1728518e+01   1.0335802e+01   4.3212581e+00
   1.1709335e+01   1.0315952e+01   4.3149544e+00
   1.1690152e+01   1.0296102e+01   4.3086508e+00
   1.1652655e+01   1.0255692e+01   4.2955820e+00
   1.1598690e+01   1.0193299e+01   4.2742500e+00
   1.1547228e+01   1.0129702e+01   4.2510636e+00
   1.1498597e+01   1.0064992e+01   4.2258787e+00
   1.1452726e+01   9.9990002e+00   4.1986147e+00
   1.1409425e+01   9.9317385e+00   4.1693019e+00
   1.1368480e+01   9.8632315e+00   4.1379487e+00
   1.1329471e+01   9.7936160e+00   4.1046582e+00
   1.1292131e+01   9.7233908e+00   4.0696831e+00
   1.1256708e+01   9.6536521e+00   4.0334119e+00
   1.1235153e+01   9.6082617e+00   4.0084187e+00
   1.1225120e+01   9.5858927e+00   3.9956109e+00
   1.1215088e+01   9.5635238e+00   3.9828031e+00
   1.1196513e+01   9.5194385e+00   3.9565648e+00
   1.1173800e+01   9.4547038e+00   3.9143283e+00
   1.1156104e+01   9.3903695e+00   3.8684514e+00
   1.1142712e+01   9.3253562e+00   3.8188760e+00
   1.1132536e+01   9.2587851e+00   3.7664225e+00
   1.1124388e+01   9.1903530e+00   3.7125311e+00
   1.1117337e+01   9.1205293e+00   3.6586399e+00
   1.1111211e+01   9.0507978e+00   3.6059010e+00
   1.1107436e+01   8.9833913e+00   3.5549742e+00
   1.1108487e+01   8.9198616e+00   3.5054046e+00
   1.1113774e+01   8.8799768e+00   3.4721853e+00
   1.1117604e+01   8.8604036e+00   3.4552453e+00
   1.1121434e+01   8.8408304e+00   3.4383053e+00
   1.1131464e+01   8.8024226e+00   3.4037648e+00
   1.1151186e+01   8.7455002e+00   3.3494689e+00
   1.1170857e+01   8.6882757e+00   3.2936469e+00
   1.1186449e+01   8.6298656e+00   3.2370748e+00
   1.1197321e+01   8.5695619e+00   3.1793087e+00
   1.1205541e+01   8.5079440e+00   3.1201653e+00
   1.1214119e+01   8.4467360e+00   3.0604544e+00
   1.1225489e+01   8.3869352e+00   3.0007171e+00
   1.1240642e+01   8.3280546e+00   2.9405706e+00
   1.1259117e+01   8.2693021e+00   2.8797161e+00
   1.1273039e+01   8.2301545e+00   2.8389523e+00
   1.1280329e+01   8.2106646e+00   2.8186243e+00
   1.1287618e+01   8.1911747e+00   2.7982963e+00
   1.1302857e+01   8.1523627e+00   2.7577481e+00
   1.1327635e+01   8.0953227e+00   2.6976199e+00
   1.1354580e+01   8.0403720e+00   2.6384552e+00
   1.1384507e+01   7.9881539e+00   2.5801528e+00
   1.1418349e+01   7.9383106e+00   2.5219038e+00
   1.1456224e+01   7.8896560e+00   2.4626444e+00
   1.1497084e+01   7.8411429e+00   2.4019997e+00
   1.1539445e+01   7.7926244e+00   2.3407240e+00
   1.1582506e+01   7.7446491e+00   2.2801275e+00
   1.1626507e+01   7.6977560e+00   2.2211840e+00
   1.1656944e+01   7.6673868e+00   2.1831886e+00
   1.1672524e+01   7.6524686e+00   2.1645046e+00
   1.1688103e+01   7.6375503e+00   2.1458205e+00
   1.1719982e+01   7.6082467e+00   2.1090799e+00
   1.1769979e+01   7.5665372e+00   2.0559978e+00
   1.1822418e+01   7.5280967e+00   2.0052882e+00
   1.1878379e+01   7.4933882e+00   1.9566530e+00
   1.1938890e+01   7.4616318e+00   1.9088829e+00
   1.2003636e+01   7.4312111e+00   1.8605997e+00
   1.2070704e+01   7.4007164e+00   1.8111905e+00
   1.2138092e+01   7.3697712e+00   1.7609799e+00
   1.2204825e+01   7.3390765e+00   1.7108861e+00
   1.2270906e+01   7.3099523e+00   1.6620670e+00
   1.2315164e+01   7.2922992e+00   1.6308094e+00
   1.2337577e+01   7.2839505e+00   1.6154624e+00
   1.2359989e+01   7.2756018e+00   1.6001155e+00
   1.2405382e+01   7.2598599e+00   1.5699854e+00
   1.2476027e+01   7.2385514e+00   1.5257206e+00
   1.2548910e+01   7.2187672e+00   1.4818629e+00
   1.2622733e+01   7.2002454e+00   1.4387402e+00
   1.2696412e+01   7.1835822e+00   1.3973984e+00
   1.2770178e+01   7.1696857e+00   1.3586926e+00
   1.2845088e+01   7.1589368e+00   1.3227238e+00
   1.2921916e+01   7.1510847e+00   1.2891861e+00
   1.3000880e+01   7.1455919e+00   1.2577896e+00
   1.3081786e+01   7.1418178e+00   1.2283189e+00
   1.3136603e+01   7.1400834e+00   1.2099020e+00
   1.3164088e+01   7.1394064e+00   1.2010363e+00
   1.3191573e+01   7.1387294e+00   1.1921705e+00
   1.3246696e+01   7.1377556e+00   1.1751243e+00
   1.3329445e+01   7.1380197e+00   1.1518511e+00
   1.3412516e+01   7.1406801e+00   1.1306819e+00
   1.3495999e+01   7.1458350e+00   1.1110420e+00
   1.3579108e+01   7.1528899e+00   1.0928115e+00
   1.3660803e+01   7.1608666e+00   1.0768217e+00
   1.3742339e+01   7.1693124e+00   1.0641356e+00
   1.3826362e+01   7.1797290e+00   1.0527540e+00
   1.3912958e+01   7.1920215e+00   1.0417843e+00
   1.4000103e+01   7.2055889e+00   1.0316080e+00
   1.4057457e+01   7.2155846e+00   1.0259806e+00
   1.4085988e+01   7.2209208e+00   1.0235744e+00
   1.4114519e+01   7.2262570e+00   1.0211683e+00
   1.4171291e+01   7.2376062e+00   1.0171710e+00
   1.4256440e+01   7.2558645e+00   1.0127983e+00
   1.4340436e+01   7.2733061e+00   1.0085130e+00
   1.4422477e+01   7.2893357e+00   1.0039968e+00
   1.4504164e+01   7.3060332e+00   1.0009201e+00
   1.4586679e+01   7.3242641e+00   9.9988629e-01
   1.4669654e+01   7.3447047e+00   1.0017406e+00
   1.4751305e+01   7.3671847e+00   1.0068428e+00
   1.4831092e+01   7.3925209e+00   1.0162732e+00
   1.4910836e+01   7.4202354e+00   1.0296086e+00
   1.4963894e+01   7.4392232e+00   1.0402236e+00
   1.4989859e+01   7.4494560e+00   1.0467128e+00
   1.5016831e+01   7.4586825e+00   1.0519825e+00
   1.5070725e+01   7.4776432e+00   1.0634080e+00
   1.5147060e+01   7.5051948e+00   1.0818862e+00
   1.5225303e+01   7.5368705e+00   1.1044665e+00
   1.5304816e+01   7.5675167e+00   1.1261165e+00
   1.5379437e+01   7.6007459e+00   1.1495906e+00
   1.5450576e+01   7.6379002e+00   1.1755093e+00
   1.5515953e+01   7.6810574e+00   1.2055885e+00
   1.5580348e+01   7.7297175e+00   1.2384717e+00
   1.5642157e+01   7.7809785e+00   1.2716148e+00
   1.5705574e+01   7.8294101e+00   1.2992621e+00
   1.5747367e+01   7.8647761e+00   1.3189165e+00
   1.5768078e+01   7.8826370e+00   1.3285584e+00
   1.5789508e+01   7.8997819e+00   1.3387156e+00
   1.5831955e+01   7.9344331e+00   1.3598764e+00
   1.5889318e+01   7.9847778e+00   1.3963779e+00
   1.5950765e+01   8.0378513e+00   1.4288517e+00
   1.6010013e+01   8.0931207e+00   1.4611513e+00
   1.6071206e+01   8.1481343e+00   1.4901811e+00
   1.6129216e+01   8.2013027e+00   1.5224995e+00
   1.6186583e+01   8.2584928e+00   1.5578603e+00
   1.6243719e+01   8.3149524e+00   1.5909129e+00
   1.6297313e+01   8.3707069e+00   1.6290153e+00
   1.6348552e+01   8.4281616e+00   1.6669323e+00
   1.6384331e+01   8.4684398e+00   1.6896765e+00
   1.6402194e+01   8.4888087e+00   1.7005257e+00
   1.6420420e+01   8.5066678e+00   1.7145443e+00
   1.6456405e+01   8.5434092e+00   1.7423207e+00
   1.6501679e+01   8.6014740e+00   1.7832044e+00
   1.6555260e+01   8.6584878e+00   1.8195550e+00
   1.6603759e+01   8.7127842e+00   1.8623605e+00
   1.6650382e+01   8.7701587e+00   1.9072220e+00
   1.6699395e+01   8.8288449e+00   1.9521158e+00
   1.6746670e+01   8.8856279e+00   1.9954991e+00
   1.6788356e+01   8.9414265e+00   2.0411384e+00
   1.6827669e+01   9.0009184e+00   2.0901804e+00
   1.6866405e+01   9.0604545e+00   2.1390686e+00
   1.6891047e+01   9.1006344e+00   2.1721797e+00
   1.6903149e+01   9.1208100e+00   2.1888144e+00
   1.6917062e+01   9.1399701e+00   2.2044377e+00
   1.6940894e+01   9.1790579e+00   2.2367883e+00
   1.6973822e+01   9.2385527e+00   2.2868114e+00
   1.7003764e+01   9.2985176e+00   2.3381687e+00
   1.7030811e+01   9.3588710e+00   2.3908283e+00
   1.7057833e+01   9.4198800e+00   2.4446350e+00
   1.7085129e+01   9.4810480e+00   2.4989322e+00
   1.7111431e+01   9.5420185e+00   2.5533544e+00
   1.7136974e+01   9.6027958e+00   2.6076406e+00
   1.7160327e+01   9.6637578e+00   2.6622532e+00
   1.7180281e+01   9.7261276e+00   2.7185808e+00
   1.7192288e+01   9.7688060e+00   2.7573922e+00
   1.7198106e+01   9.7901526e+00   2.7768648e+00
   1.7203924e+01   9.8114991e+00   2.7963374e+00
   1.7215190e+01   9.8542067e+00   2.8354163e+00
   1.7230228e+01   9.9168757e+00   2.8932568e+00
   1.7241918e+01   9.9788064e+00   2.9511328e+00
   1.7251354e+01   1.0041166e+01   3.0099717e+00
   1.7259893e+01   1.0103350e+01   3.0690433e+00
   1.7265918e+01   1.0164794e+01   3.1279791e+00
   1.7267907e+01   1.0226129e+01   3.1875049e+00
   1.7267023e+01   1.0288392e+01   3.2482392e+00
   1.7266202e+01   1.0351374e+01   3.3093368e+00
   1.7266793e+01   1.0414668e+01   3.3701262e+00
   1.7267247e+01   1.0456887e+01   3.4104253e+00
   1.7267150e+01   1.0477877e+01   3.4304512e+00
   1.7267054e+01   1.0498866e+01   3.4504771e+00
   1.7266214e+01   1.0540603e+01   3.4902816e+00
   1.7261088e+01   1.0602773e+01   3.5497872e+00
   1.7252210e+01   1.0665428e+01   3.6099498e+00
   1.7240912e+01   1.0727872e+01   3.6700795e+00
   1.7227708e+01   1.0788835e+01   3.7292382e+00
   1.7214092e+01   1.0849115e+01   3.7882974e+00
   1.7202348e+01   1.0910083e+01   3.8483768e+00
   1.7191424e+01   1.0971868e+01   3.9096660e+00
   1.7179348e+01   1.1033232e+01   3.9711882e+00
   1.7164792e+01   1.1093289e+01   4.0323565e+00
   1.7152775e+01   1.1132403e+01   4.0730564e+00
   1.7146262e+01   1.1151826e+01   4.0935073e+00
   1.7139749e+01   1.1171249e+01   4.1139581e+00
   1.7125715e+01   1.1209828e+01   4.1550613e+00
   1.7102876e+01   1.1266180e+01   4.2165253e+00
   1.7077980e+01   1.1320207e+01   4.2768990e+00
   1.7050750e+01   1.1372647e+01   4.3369616e+00
   1.7023528e+01   1.1425038e+01   4.3981042e+00
   1.6996809e+01   1.1477964e+01   4.4606531e+00
   1.6969014e+01   1.1531026e+01   4.5239889e+00
   1.6939569e+01   1.1583474e+01   4.5871213e+00
   1.6908874e+01   1.1635297e+01   4.6499245e+00
   1.6878511e+01   1.1686878e+01   4.7127775e+00
   1.6858092e+01   1.1720926e+01   4.7544409e+00
   1.6847451e+01   1.1737828e+01   4.7751625e+00
   1.6836811e+01   1.1754731e+01   4.7958841e+00
   1.6814670e+01   1.1788292e+01   4.8371071e+00
   1.6778203e+01   1.1838022e+01   4.8986431e+00
   1.6738955e+01   1.1887038e+01   4.9601793e+00
   1.6698655e+01   1.1935393e+01   5.0221740e+00
   1.6659568e+01   1.1982795e+01   5.0843835e+00
   1.6622211e+01   1.2029373e+01   5.1468959e+00
   1.6584136e+01   1.2075219e+01   5.2095288e+00
   1.6543719e+01   1.2120027e+01   5.2713739e+00
   1.6500454e+01   1.2164207e+01   5.3322427e+00
   1.6455756e+01   1.2208937e+01   5.3929550e+00
   1.6426321e+01   1.2239504e+01   5.4335501e+00
   1.6411881e+01   1.2254994e+01   5.4539458e+00
   1.6397441e+01   1.2270484e+01   5.4743415e+00
   1.6369114e+01   1.2301876e+01   5.5153293e+00
   1.6327830e+01   1.2349317e+01   5.5766478e+00
   1.6286166e+01   1.2395177e+01   5.6356934e+00
   1.6240934e+01   1.2438867e+01   5.6921986e+00
   1.6191300e+01   1.2481199e+01   5.7479782e+00
   1.6138069e+01   1.2522773e+01   5.8039188e+00
   1.6083084e+01   1.2564001e+01   5.8606110e+00
   1.6028127e+01   1.2604834e+01   5.9180403e+00
   1.5973776e+01   1.2644894e+01   5.9756004e+00
   1.5919110e+01   1.2683566e+01   6.0319483e+00
   1.5881419e+01   1.2708339e+01   6.0682000e+00
   1.5862120e+01   1.2720556e+01   6.0860571e+00
   1.5842821e+01   1.2732773e+01   6.1039142e+00
   1.5803317e+01   1.2756867e+01   6.1390908e+00
   1.5742143e+01   1.2792554e+01   6.1911960e+00
   1.5680898e+01   1.2828039e+01   6.2431663e+00
   1.5621339e+01   1.2863882e+01   6.2957394e+00
   1.5563919e+01   1.2901108e+01   6.3500457e+00
   1.5507977e+01   1.2940013e+01   6.4058238e+00
   1.5455045e+01   1.2979534e+01   6.4612392e+00
   1.5410131e+01   1.3018609e+01   6.5147878e+00
   1.5378621e+01   1.3058208e+01   6.5672060e+00
   1.5362219e+01   1.3100173e+01   6.6200782e+00
   1.5358981e+01   1.3130227e+01   6.6566853e+00
   1.5357388e+01   1.3145267e+01   6.6750016e+00
