   8.1339943e+01   1.0766653e+02   5.1325691e+01
   8.1322530e+01   1.0765753e+02   5.1338756e+01
   8.1287704e+01   1.0763951e+02   5.1364884e+01
   8.1235645e+01   1.0761446e+02   5.1402905e+01
   8.1183609e+01   1.0759301e+02   5.1438953e+01
   8.1131214e+01   1.0757643e+02   5.1472585e+01
   8.1078059e+01   1.0756556e+02   5.1503610e+01
   8.1023875e+01   1.0756097e+02   5.1531994e+01
   8.0968610e+01   1.0756286e+02   5.1557777e+01
   8.0912428e+01   1.0757119e+02   5.1581027e+01
   8.0855678e+01   1.0758570e+02   5.1601813e+01
   8.0798821e+01   1.0760595e+02   5.1620180e+01
   8.0742360e+01   1.0763143e+02   5.1636152e+01
   8.0686771e+01   1.0766161e+02   5.1649732e+01
   8.0632471e+01   1.0769600e+02   5.1660916e+01
   8.0580246e+01   1.0773385e+02   5.1669634e+01
   8.0546806e+01   1.0776118e+02   5.1673891e+01
   8.0530632e+01   1.0777517e+02   5.1675629e+01
   8.0530206e+01   1.0777554e+02   5.1675675e+01
   8.0513190e+01   1.0779027e+02   5.1677495e+01
   8.0480304e+01   1.0782046e+02   5.1680299e+01
   8.0433832e+01   1.0786801e+02   5.1682277e+01
   8.0389706e+01   1.0791817e+02   5.1682222e+01
   8.0348024e+01   1.0797069e+02   5.1680282e+01
   8.0308872e+01   1.0802530e+02   5.1676581e+01
   8.0272340e+01   1.0808174e+02   5.1671196e+01
   8.0238520e+01   1.0813973e+02   5.1664135e+01
   8.0207504e+01   1.0819899e+02   5.1655337e+01
   8.0179377e+01   1.0825926e+02   5.1644680e+01
   8.0154204e+01   1.0832030e+02   5.1632015e+01
   8.0132019e+01   1.0838191e+02   5.1617194e+01
   8.0112821e+01   1.0844391e+02   5.1600108e+01
   8.0096580e+01   1.0850614e+02   5.1580710e+01
   8.0083478e+01   1.0856740e+02   5.1559402e+01
   8.0076637e+01   1.0860784e+02   5.1543943e+01
   8.0073735e+01   1.0862750e+02   5.1536115e+01
   8.0073578e+01   1.0862856e+02   5.1535692e+01
   8.0070387e+01   1.0865034e+02   5.1526999e+01
   8.0065188e+01   1.0869276e+02   5.1509316e+01
   8.0060464e+01   1.0875438e+02   5.1481656e+01
   8.0058693e+01   1.0881541e+02   5.1452421e+01
   8.0059991e+01   1.0887564e+02   5.1421833e+01
   8.0064502e+01   1.0893490e+02   5.1390094e+01
   8.0072375e+01   1.0899301e+02   5.1357378e+01
   8.0083734e+01   1.0904985e+02   5.1323827e+01
   8.0098655e+01   1.0910529e+02   5.1289554e+01
   8.0117148e+01   1.0915924e+02   5.1254641e+01
   8.0139146e+01   1.0921158e+02   5.1219144e+01
   8.0164507e+01   1.0926223e+02   5.1183091e+01
   8.0193029e+01   1.0931106e+02   5.1146493e+01
   8.0224470e+01   1.0935795e+02   5.1109344e+01
   8.0257696e+01   1.0940161e+02   5.1072604e+01
   8.0281044e+01   1.0942897e+02   5.1048086e+01
   8.0292566e+01   1.0944177e+02   5.1036238e+01
   8.0293526e+01   1.0944284e+02   5.1035251e+01
   8.0306999e+01   1.0945774e+02   5.1021421e+01
   8.0333803e+01   1.0948562e+02   5.0994543e+01
   8.0374549e+01   1.0952350e+02   5.0955193e+01
   8.0417195e+01   1.0955895e+02   5.0915370e+01
   8.0461637e+01   1.0959201e+02   5.0875140e+01
   8.0507782e+01   1.0962274e+02   5.0834578e+01
   8.0555525e+01   1.0965126e+02   5.0793755e+01
   8.0604733e+01   1.0967771e+02   5.0752730e+01
   8.0655231e+01   1.0970222e+02   5.0711542e+01
   8.0706813e+01   1.0972487e+02   5.0670221e+01
   8.0759250e+01   1.0974571e+02   5.0628795e+01
   8.0812319e+01   1.0976468e+02   5.0587308e+01
   8.0865829e+01   1.0978166e+02   5.0545831e+01
   8.0919646e+01   1.0979643e+02   5.0504476e+01
   8.0971853e+01   1.0980830e+02   5.0464798e+01
   8.1006183e+01   1.0981441e+02   5.0439087e+01
   8.1022458e+01   1.0981689e+02   5.0427011e+01
   8.1024318e+01   1.0981718e+02   5.0425631e+01
   8.1044317e+01   1.0982017e+02   5.0410806e+01
   8.1082565e+01   1.0982470e+02   5.0382784e+01
   8.1137499e+01   1.0982786e+02   5.0343622e+01
   8.1192874e+01   1.0982756e+02   5.0305411e+01
   8.1248745e+01   1.0982374e+02   5.0268225e+01
   8.1305125e+01   1.0981643e+02   5.0232077e+01
   8.1361970e+01   1.0980576e+02   5.0196932e+01
   8.1419188e+01   1.0979191e+02   5.0162729e+01
   8.1476654e+01   1.0977513e+02   5.0129407e+01
   8.1534225e+01   1.0975567e+02   5.0096935e+01
   8.1591767e+01   1.0973377e+02   5.0065331e+01
   8.1649164e+01   1.0970965e+02   5.0034671e+01
   8.1706320e+01   1.0968347e+02   5.0005086e+01
   8.1763157e+01   1.0965537e+02   4.9976738e+01
   8.1817186e+01   1.0962670e+02   4.9950948e+01
   8.1852117e+01   1.0960693e+02   4.9935044e+01
   8.1868312e+01   1.0959749e+02   4.9927845e+01
   8.1870694e+01   1.0959610e+02   4.9926786e+01
   8.1891638e+01   1.0958383e+02   4.9917510e+01
   8.1930905e+01   1.0955995e+02   4.9900673e+01
   8.1985507e+01   1.0952436e+02   4.9878649e+01
   8.2039174e+01   1.0948675e+02   4.9858339e+01
   8.2091707e+01   1.0944705e+02   4.9839713e+01
   8.2142909e+01   1.0940519e+02   4.9822725e+01
   8.2192608e+01   1.0936115e+02   4.9807331e+01
   8.2240665e+01   1.0931492e+02   4.9793506e+01
   8.2286986e+01   1.0926653e+02   4.9781252e+01
   8.2331513e+01   1.0921608e+02   4.9770591e+01
   8.2374216e+01   1.0916368e+02   4.9761557e+01
   8.2415089e+01   1.0910943e+02   4.9754179e+01
   8.2454138e+01   1.0905348e+02   4.9748457e+01
   8.2491382e+01   1.0899595e+02   4.9744358e+01
   8.2525027e+01   1.0893998e+02   4.9741933e+01
   8.2545857e+01   1.0890292e+02   4.9741171e+01
   8.2555200e+01   1.0888578e+02   4.9740979e+01
   8.2556898e+01   1.0888267e+02   4.9740944e+01
   8.2569587e+01   1.0885926e+02   4.9740720e+01
   8.2592564e+01   1.0881506e+02   4.9740838e+01
   8.2622894e+01   1.0875241e+02   4.9742157e+01
   8.2651576e+01   1.0868881e+02   4.9744518e+01
   8.2678620e+01   1.0862442e+02   4.9747846e+01
   8.2704000e+01   1.0855939e+02   4.9752124e+01
   8.2727649e+01   1.0849390e+02   4.9757387e+01
   8.2749455e+01   1.0842808e+02   4.9763717e+01
   8.2769263e+01   1.0836207e+02   4.9771225e+01
   8.2786888e+01   1.0829597e+02   4.9780031e+01
   8.2802137e+01   1.0822984e+02   4.9790245e+01
   8.2814822e+01   1.0816374e+02   4.9801946e+01
   8.2824784e+01   1.0809768e+02   4.9815170e+01
   8.2831909e+01   1.0803169e+02   4.9829910e+01
   8.2835882e+01   1.0796975e+02   4.9845145e+01
   8.2836838e+01   1.0792985e+02   4.9855739e+01
   8.2836946e+01   1.0791188e+02   4.9860659e+01
   8.2836969e+01   1.0790795e+02   4.9861735e+01
   8.2837022e+01   1.0788214e+02   4.9868852e+01
   8.2835886e+01   1.0783452e+02   4.9882545e+01
   8.2831511e+01   1.0776926e+02   4.9902534e+01
   8.2824407e+01   1.0770436e+02   4.9923537e+01
   8.2814661e+01   1.0763994e+02   4.9945434e+01
   8.2802355e+01   1.0757609e+02   4.9968118e+01
   8.2787560e+01   1.0751292e+02   4.9991492e+01
   8.2770339e+01   1.0745051e+02   5.0015471e+01
   8.2750746e+01   1.0738893e+02   5.0039977e+01
   8.2728832e+01   1.0732823e+02   5.0064928e+01
   8.2704652e+01   1.0726846e+02   5.0090242e+01
   8.2678265e+01   1.0720966e+02   5.0115830e+01
   8.2649733e+01   1.0715183e+02   5.0141601e+01
   8.2619124e+01   1.0709503e+02   5.0167471e+01
   8.2588739e+01   1.0704309e+02   5.0191597e+01
   8.2568187e+01   1.0701033e+02   5.0207080e+01
   8.2558887e+01   1.0699594e+02   5.0213934e+01
   8.2556487e+01   1.0699222e+02   5.0215702e+01
   8.2542310e+01   1.0697046e+02   5.0226092e+01
   8.2515544e+01   1.0693114e+02   5.0245088e+01
   8.2477341e+01   1.0687892e+02   5.0270919e+01
   8.2437425e+01   1.0682807e+02   5.0296789e+01
   8.2395867e+01   1.0677874e+02   5.0322777e+01
   8.2352735e+01   1.0673108e+02   5.0348975e+01
   8.2308084e+01   1.0668528e+02   5.0375473e+01
   8.2261952e+01   1.0664148e+02   5.0402346e+01
   8.2214362e+01   1.0659986e+02   5.0429643e+01
   8.2165327e+01   1.0656056e+02   5.0457379e+01
   8.2114851e+01   1.0652369e+02   5.0485531e+01
   8.2062947e+01   1.0648935e+02   5.0514044e+01
   8.2009636e+01   1.0645762e+02   5.0542833e+01
   8.1954959e+01   1.0642855e+02   5.0571799e+01
   8.1903279e+01   1.0640422e+02   5.0598605e+01
   8.1869618e+01   1.0639011e+02   5.0615716e+01
   8.1854867e+01   1.0638424e+02   5.0623146e+01
   8.1850442e+01   1.0638249e+02   5.0625375e+01
   8.1826786e+01   1.0637324e+02   5.0637258e+01
   8.1783384e+01   1.0635774e+02   5.0658743e+01
   8.1723960e+01   1.0633970e+02   5.0687442e+01
   8.1663574e+01   1.0632444e+02   5.0715887e+01
   8.1602319e+01   1.0631196e+02   5.0744030e+01
   8.1540282e+01   1.0630221e+02   5.0771830e+01
   8.1477548e+01   1.0629512e+02   5.0799253e+01
   8.1414202e+01   1.0629060e+02   5.0826263e+01
   8.1350328e+01   1.0628853e+02   5.0852820e+01
   8.1286011e+01   1.0628880e+02   5.0878874e+01
   8.1221342e+01   1.0629130e+02   5.0904361e+01
   8.1156411e+01   1.0629590e+02   5.0929208e+01
   8.1091306e+01   1.0630254e+02   5.0953326e+01
   8.1026115e+01   1.0631113e+02   5.0976617e+01
   8.0966489e+01   1.0632076e+02   5.0997065e+01
   8.0928631e+01   1.0632784e+02   5.1009537e+01
   8.0912496e+01   1.0633104e+02   5.1014755e+01
   8.0906932e+01   1.0633215e+02   5.1016554e+01
   8.0879677e+01   1.0633766e+02   5.1025312e+01
   8.0830793e+01   1.0634846e+02   5.1040508e+01
   8.0766004e+01   1.0636478e+02   5.1059521e+01
   8.0701494e+01   1.0638309e+02   5.1077300e+01
   8.0637348e+01   1.0640343e+02   5.1093838e+01
   8.0573673e+01   1.0642585e+02   5.1109164e+01
   8.0510597e+01   1.0645040e+02   5.1123343e+01
   8.0448273e+01   1.0647713e+02   5.1136466e+01
   8.0386863e+01   1.0650610e+02   5.1148643e+01
   8.0326531e+01   1.0653734e+02   5.1159988e+01
   8.0267421e+01   1.0657089e+02   5.1170600e+01
   8.0209644e+01   1.0660678e+02   5.1180546e+01
   8.0153267e+01   1.0664500e+02   5.1189842e+01
   8.0098307e+01   1.0668550e+02   5.1198444e+01
   8.0049779e+01   1.0672417e+02   5.1205507e+01
   8.0019764e+01   1.0674960e+02   5.1209489e+01
   8.0007331e+01   1.0676038e+02   5.1211055e+01
   8.0002447e+01   1.0676462e+02   5.1211670e+01
   7.9980322e+01   1.0678400e+02   5.1214397e+01
   7.9941554e+01   1.0681936e+02   5.1218665e+01
   7.9891760e+01   1.0686739e+02   5.1222827e+01
   7.9843038e+01   1.0691671e+02   5.1225306e+01
   7.9795296e+01   1.0696708e+02   5.1225913e+01
   7.9748467e+01   1.0701835e+02   5.1224528e+01
   7.9702527e+01   1.0707041e+02   5.1221124e+01
   7.9657526e+01   1.0712322e+02   5.1215772e+01
   7.9613598e+01   1.0717680e+02   5.1208633e+01
   7.9570960e+01   1.0723117e+02   5.1199939e+01
   7.9529878e+01   1.0728640e+02   5.1189968e+01
   7.9490628e+01   1.0734257e+02   5.1179002e+01
   7.9453450e+01   1.0739975e+02   5.1167296e+01
   7.9418515e+01   1.0745803e+02   5.1155046e+01
   7.9389263e+01   1.0751137e+02   5.1143672e+01
   7.9372005e+01   1.0754545e+02   5.1136340e+01
   7.9365132e+01   1.0755949e+02   5.1133309e+01
   7.9362078e+01   1.0756573e+02   5.1131961e+01
   7.9349254e+01   1.0759231e+02   5.1126207e+01
   7.9327800e+01   1.0763979e+02   5.1115842e+01
   7.9302203e+01   1.0770250e+02   5.1101846e+01
   7.9278851e+01   1.0776600e+02   5.1087173e+01
   7.9257714e+01   1.0783006e+02   5.1071630e+01
   7.9238790e+01   1.0789443e+02   5.1055002e+01
   7.9222105e+01   1.0795885e+02   5.1037067e+01
   7.9207707e+01   1.0802310e+02   5.1017609e+01
   7.9195654e+01   1.0808701e+02   5.0996437e+01
   7.9186003e+01   1.0815042e+02   5.0973394e+01
   7.9178794e+01   1.0821325e+02   5.0948373e+01
   7.9174044e+01   1.0827542e+02   5.0921325e+01
   7.9171738e+01   1.0833691e+02   5.0892261e+01
   7.9171830e+01   1.0839771e+02   5.0861261e+01
   7.9173979e+01   1.0845115e+02   5.0832106e+01
   7.9176356e+01   1.0848424e+02   5.0813139e+01
   7.9177467e+01   1.0849744e+02   5.0805445e+01
   7.9178023e+01   1.0850403e+02   5.0801598e+01
   7.9180406e+01   1.0853037e+02   5.0786102e+01
   7.9185684e+01   1.0857614e+02   5.0758271e+01
   7.9194507e+01   1.0863439e+02   5.0721372e+01
   7.9205285e+01   1.0869207e+02   5.0683624e+01
   7.9217958e+01   1.0874916e+02   5.0645283e+01
   7.9232491e+01   1.0880567e+02   5.0606578e+01
   7.9248877e+01   1.0886154e+02   5.0567692e+01
   7.9267126e+01   1.0891675e+02   5.0528757e+01
   7.9287263e+01   1.0897121e+02   5.0489848e+01
   7.9309310e+01   1.0902487e+02   5.0450993e+01
   7.9333281e+01   1.0907763e+02   5.0412176e+01
   7.9359171e+01   1.0912940e+02   5.0373349e+01
   7.9386950e+01   1.0918008e+02   5.0334448e+01
   7.9416568e+01   1.0922957e+02   5.0295400e+01
   7.9444201e+01   1.0927200e+02   5.0260834e+01
   7.9462130e+01   1.0929773e+02   5.0239231e+01
   7.9469245e+01   1.0930769e+02   5.0230772e+01
   7.9473230e+01   1.0931326e+02   5.0226035e+01
   7.9488448e+01   1.0933424e+02   5.0208076e+01
   7.9515724e+01   1.0936985e+02   5.0176733e+01
   7.9551944e+01   1.0941352e+02   5.0136527e+01
   7.9589634e+01   1.0945546e+02   5.0095970e+01
   7.9628745e+01   1.0949553e+02   5.0055074e+01
   7.9669247e+01   1.0953363e+02   5.0013862e+01
   7.9711127e+01   1.0956963e+02   4.9972366e+01
   7.9754381e+01   1.0960342e+02   4.9930622e+01
   7.9799009e+01   1.0963494e+02   4.9888661e+01
   7.9845008e+01   1.0966415e+02   4.9846514e+01
   7.9892362e+01   1.0969106e+02   4.9804207e+01
   7.9941036e+01   1.0971574e+02   4.9761769e+01
   7.9990969e+01   1.0973829e+02   4.9719236e+01
   8.0042078e+01   1.0975884e+02   4.9676662e+01
   8.0087569e+01   1.0977513e+02   4.9639583e+01
   8.0116084e+01   1.0978442e+02   4.9616749e+01
   8.0127003e+01   1.0978785e+02   4.9608067e+01
   8.0133828e+01   1.0979000e+02   4.9602640e+01
   8.0158475e+01   1.0979757e+02   4.9583126e+01
   8.0201393e+01   1.0980968e+02   4.9549690e+01
   8.0256147e+01   1.0982324e+02   4.9508119e+01
   8.0311603e+01   1.0983509e+02   4.9467249e+01
   8.0367737e+01   1.0984513e+02   4.9427295e+01
   8.0424562e+01   1.0985323e+02   4.9388455e+01
   8.0482121e+01   1.0985927e+02   4.9350898e+01
   8.0540466e+01   1.0986310e+02   4.9314738e+01
   8.0599648e+01   1.0986466e+02   4.9280025e+01
   8.0659691e+01   1.0986389e+02   4.9246740e+01
   8.0720576e+01   1.0986081e+02   4.9214791e+01
   8.0782223e+01   1.0985547e+02   4.9184031e+01
   8.0844492e+01   1.0984796e+02   4.9154268e+01
   8.0907178e+01   1.0983838e+02   4.9125290e+01
   8.0961433e+01   1.0982839e+02   4.9100769e+01
   8.0994692e+01   1.0982145e+02   4.9085875e+01
   8.1007014e+01   1.0981877e+02   4.9080366e+01
   8.1015586e+01   1.0981690e+02   4.9076534e+01
   8.1045027e+01   1.0981030e+02   4.9063388e+01
   8.1095130e+01   1.0979793e+02   4.9041041e+01
   8.1156885e+01   1.0978062e+02   4.9013318e+01
   8.1217857e+01   1.0976132e+02   4.8985615e+01
   8.1277932e+01   1.0973995e+02   4.8957907e+01
   8.1337051e+01   1.0971645e+02   4.8930222e+01
   8.1395207e+01   1.0969073e+02   4.8902627e+01
   8.1452427e+01   1.0966280e+02   4.8875227e+01
   8.1508762e+01   1.0963266e+02   4.8848149e+01
   8.1564271e+01   1.0960039e+02   4.8821536e+01
   8.1619010e+01   1.0956610e+02   4.8795537e+01
   8.1673024e+01   1.0952990e+02   4.8770300e+01
   8.1726343e+01   1.0949192e+02   4.8745958e+01
   8.1778981e+01   1.0945229e+02   4.8722632e+01
   8.1823387e+01   1.0941708e+02   4.8703643e+01
   8.1850191e+01   1.0939500e+02   4.8692538e+01
   8.1859820e+01   1.0938695e+02   4.8688596e+01
   8.1867260e+01   1.0938074e+02   4.8685550e+01
   8.1891696e+01   1.0936011e+02   4.8675640e+01
   8.1932724e+01   1.0932428e+02   4.8659532e+01
   8.1982478e+01   1.0927874e+02   4.8640896e+01
   8.2031390e+01   1.0923183e+02   4.8623428e+01
   8.2079369e+01   1.0918356e+02   4.8607064e+01
   8.2126306e+01   1.0913395e+02   4.8591716e+01
   8.2172070e+01   1.0908303e+02   4.8577279e+01
   8.2216527e+01   1.0903080e+02   4.8563630e+01
   8.2259541e+01   1.0897730e+02   4.8550638e+01
   8.2300993e+01   1.0892252e+02   4.8538164e+01
   8.2340794e+01   1.0886649e+02   4.8526066e+01
   8.2378887e+01   1.0880923e+02   4.8514200e+01
   8.2415253e+01   1.0875077e+02   4.8502432e+01
   8.2449910e+01   1.0869117e+02   4.8490637e+01
   8.2477825e+01   1.0863984e+02   4.8480548e+01
   8.2494110e+01   1.0860835e+02   4.8474355e+01
   8.2499734e+01   1.0859728e+02   4.8472177e+01
   8.2504555e+01   1.0858779e+02   4.8470310e+01
   8.2519643e+01   1.0855765e+02   4.8464374e+01
   8.2544131e+01   1.0850634e+02   4.8454238e+01
   8.2572490e+01   1.0844302e+02   4.8441666e+01
   8.2599400e+01   1.0837900e+02   4.8428936e+01
   8.2624876e+01   1.0831436e+02   4.8416153e+01
   8.2648912e+01   1.0824915e+02   4.8403459e+01
   8.2671489e+01   1.0818344e+02   4.8391023e+01
   8.2692587e+01   1.0811724e+02   4.8379020e+01
   8.2712192e+01   1.0805058e+02   4.8367621e+01
   8.2730302e+01   1.0798345e+02   4.8356978e+01
   8.2746934e+01   1.0791585e+02   4.8347210e+01
   8.2762109e+01   1.0784780e+02   4.8338401e+01
   8.2775851e+01   1.0777932e+02   4.8330595e+01
   8.2788174e+01   1.0771042e+02   4.8323799e+01
   8.2797301e+01   1.0765242e+02   4.8318927e+01
   8.2802239e+01   1.0761739e+02   4.8316345e+01
   8.2803848e+01   1.0760550e+02   4.8315508e+01
   8.2805376e+01   1.0759421e+02   4.8314713e+01
   8.2809862e+01   1.0755970e+02   4.8312391e+01
   8.2816428e+01   1.0750186e+02   4.8309025e+01
   8.2822754e+01   1.0743192e+02   4.8305700e+01
   8.2827398e+01   1.0736188e+02   4.8303003e+01
   8.2830282e+01   1.0729179e+02   4.8300826e+01
   8.2831347e+01   1.0722166e+02   4.8299069e+01
   8.2830563e+01   1.0715151e+02   4.8297656e+01
   8.2827938e+01   1.0708135e+02   4.8296532e+01
   8.2823513e+01   1.0701119e+02   4.8295674e+01
   8.2817360e+01   1.0694105e+02   4.8295091e+01
   8.2809562e+01   1.0687095e+02   4.8294823e+01
   8.2800207e+01   1.0680097e+02   4.8294932e+01
   8.2789369e+01   1.0673117e+02   4.8295500e+01
   8.2777099e+01   1.0666162e+02   4.8296619e+01
   8.2765757e+01   1.0660426e+02   4.8298082e+01
   8.2758453e+01   1.0657011e+02   4.8299227e+01
   8.2756004e+01   1.0655894e+02   4.8299633e+01
   8.2753426e+01   1.0654718e+02   4.8300060e+01
   8.2745637e+01   1.0651256e+02   4.8301420e+01
   8.2731784e+01   1.0645537e+02   4.8304194e+01
   8.2713767e+01   1.0638763e+02   4.8308389e+01
   8.2694235e+01   1.0632050e+02   4.8313525e+01
   8.2673162e+01   1.0625401e+02   4.8319653e+01
   8.2650535e+01   1.0618822e+02   4.8326819e+01
   8.2626353e+01   1.0612320e+02   4.8335070e+01
   8.2600623e+01   1.0605903e+02   4.8344451e+01
   8.2573351e+01   1.0599578e+02   4.8355012e+01
   8.2544536e+01   1.0593357e+02   4.8366796e+01
   8.2514167e+01   1.0587249e+02   4.8379838e+01
   8.2482219e+01   1.0581264e+02   4.8394154e+01
   8.2448660e+01   1.0575409e+02   4.8409736e+01
   8.2413458e+01   1.0569694e+02   4.8426545e+01
   8.2383203e+01   1.0565122e+02   4.8441290e+01
   8.2364639e+01   1.0562461e+02   4.8450423e+01
   8.2358717e+01   1.0561626e+02   4.8453343e+01
   8.2351807e+01   1.0560652e+02   4.8456750e+01
   8.2331833e+01   1.0557890e+02   4.8466625e+01
   8.2297778e+01   1.0553433e+02   4.8483536e+01
   8.2255858e+01   1.0548322e+02   4.8504354e+01
   8.2212292e+01   1.0543372e+02   4.8525882e+01
   8.2167118e+01   1.0538584e+02   4.8548016e+01
   8.2120384e+01   1.0533956e+02   4.8570669e+01
   8.2072152e+01   1.0529486e+02   4.8593780e+01
   8.2022497e+01   1.0525169e+02   4.8617311e+01
   8.1971517e+01   1.0520997e+02   4.8641248e+01
   8.1919336e+01   1.0516961e+02   4.8665595e+01
   8.1866104e+01   1.0513053e+02   4.8690374e+01
   8.1811990e+01   1.0509268e+02   4.8715619e+01
   8.1757170e+01   1.0505602e+02   4.8741373e+01
   8.1701809e+01   1.0502056e+02   4.8767688e+01
   8.1656526e+01   1.0499280e+02   4.8789557e+01
   8.1629722e+01   1.0497690e+02   4.8802680e+01
   8.1621576e+01   1.0497211e+02   4.8806685e+01
   8.1611033e+01   1.0496592e+02   4.8811869e+01
   8.1581755e+01   1.0494896e+02   4.8826344e+01
   8.1533566e+01   1.0492210e+02   4.8850556e+01
   8.1476883e+01   1.0489219e+02   4.8879637e+01
   8.1419850e+01   1.0486381e+02   4.8909478e+01
   8.1362410e+01   1.0483696e+02   4.8940060e+01
   8.1304511e+01   1.0481160e+02   4.8971335e+01
   8.1246126e+01   1.0478760e+02   4.9003236e+01
   8.1187268e+01   1.0476487e+02   4.9035680e+01
   8.1127984e+01   1.0474327e+02   4.9068586e+01
   8.1068354e+01   1.0472272e+02   4.9101883e+01
   8.1008472e+01   1.0470315e+02   4.9135516e+01
   8.0948430e+01   1.0468455e+02   4.9169452e+01
   8.0888298e+01   1.0466696e+02   4.9203678e+01
   8.0828121e+01   1.0465041e+02   4.9238190e+01
   8.0779746e+01   1.0463801e+02   4.9266148e+01
   8.0751428e+01   1.0463114e+02   4.9282599e+01
   8.0743188e+01   1.0462917e+02   4.9287392e+01
   8.0731344e+01   1.0462635e+02   4.9294282e+01
   8.0699407e+01   1.0461891e+02   4.9312899e+01
   8.0647339e+01   1.0460763e+02   4.9343405e+01
   8.0586950e+01   1.0459579e+02   4.9378977e+01
   8.0526502e+01   1.0458522e+02   4.9414752e+01
   8.0466036e+01   1.0457597e+02   4.9450706e+01
   8.0405623e+01   1.0456810e+02   4.9486829e+01
   8.0345351e+01   1.0456171e+02   4.9523137e+01
   8.0285311e+01   1.0455692e+02   4.9559659e+01
   8.0225570e+01   1.0455386e+02   4.9596440e+01
   8.0166159e+01   1.0455267e+02   4.9633514e+01
   8.0107062e+01   1.0455343e+02   4.9670892e+01
   8.0048217e+01   1.0455620e+02   4.9708546e+01
   7.9989529e+01   1.0456097e+02   4.9746400e+01
   7.9930883e+01   1.0456767e+02   4.9784333e+01
   7.9884211e+01   1.0457443e+02   4.9814430e+01
   7.9857058e+01   1.0457887e+02   4.9831834e+01
   7.9849511e+01   1.0458015e+02   4.9836662e+01
   7.9837435e+01   1.0458218e+02   4.9844386e+01
   7.9805705e+01   1.0458779e+02   4.9864616e+01
   7.9754172e+01   1.0459789e+02   4.9897114e+01
   7.9694809e+01   1.0461074e+02   4.9933922e+01
   7.9635223e+01   1.0462473e+02   4.9970192e+01
   7.9575493e+01   1.0463978e+02   5.0005885e+01
   7.9515743e+01   1.0465587e+02   5.0040982e+01
   7.9456128e+01   1.0467308e+02   5.0075471e+01
   7.9396808e+01   1.0469152e+02   5.0109343e+01
   7.9337924e+01   1.0471137e+02   5.0142589e+01
   7.9279584e+01   1.0473280e+02   5.0175207e+01
   7.9221856e+01   1.0475598e+02   5.0207197e+01
   7.9164774e+01   1.0478104e+02   5.0238570e+01
   7.9108352e+01   1.0480805e+02   5.0269336e+01
   7.9052596e+01   1.0483704e+02   5.0299510e+01
   7.9009280e+01   1.0486138e+02   5.0322779e+01
   7.8984534e+01   1.0487598e+02   5.0336007e+01
   7.8978011e+01   1.0487988e+02   5.0339489e+01
   7.8966364e+01   1.0488684e+02   5.0345706e+01
   7.8936666e+01   1.0490499e+02   5.0361520e+01
   7.8889356e+01   1.0493551e+02   5.0386552e+01
   7.8836277e+01   1.0497192e+02   5.0414393e+01
   7.8783832e+01   1.0500996e+02   5.0441618e+01
   7.8731979e+01   1.0504952e+02   5.0468191e+01
   7.8680665e+01   1.0509049e+02   5.0494064e+01
   7.8629838e+01   1.0513272e+02   5.0519165e+01
   7.8579457e+01   1.0517610e+02   5.0543405e+01
   7.8529498e+01   1.0522048e+02   5.0566667e+01
   7.8479951e+01   1.0526578e+02   5.0588821e+01
   7.8430819e+01   1.0531193e+02   5.0609727e+01
   7.8382097e+01   1.0535890e+02   5.0629256e+01
   7.8333768e+01   1.0540671e+02   5.0647309e+01
   7.8285791e+01   1.0545537e+02   5.0663835e+01
   7.8248698e+01   1.0549389e+02   5.0675507e+01
   7.8227564e+01   1.0551617e+02   5.0681749e+01
   7.8222283e+01   1.0552175e+02   5.0683284e+01
   7.8211723e+01   1.0553292e+02   5.0686354e+01
   7.8185354e+01   1.0556100e+02   5.0693769e+01
   7.8143260e+01   1.0560655e+02   5.0704665e+01
   7.8095982e+01   1.0565857e+02   5.0715799e+01
   7.8048777e+01   1.0571126e+02   5.0726004e+01
   7.8001705e+01   1.0576451e+02   5.0735473e+01
   7.7954885e+01   1.0581824e+02   5.0744361e+01
   7.7908478e+01   1.0587238e+02   5.0752776e+01
   7.7862655e+01   1.0592692e+02   5.0760773e+01
   7.7817567e+01   1.0598190e+02   5.0768356e+01
   7.7773323e+01   1.0603737e+02   5.0775490e+01
   7.7729983e+01   1.0609342e+02   5.0782116e+01
   7.7687566e+01   1.0615011e+02   5.0788161e+01
   7.7646058e+01   1.0620747e+02   5.0793552e+01
   7.7605433e+01   1.0626551e+02   5.0798220e+01
   7.7574838e+01   1.0631064e+02   5.0801208e+01
   7.7557737e+01   1.0633640e+02   5.0802664e+01
   7.7553726e+01   1.0634247e+02   5.0802994e+01
   7.7544702e+01   1.0635612e+02   5.0803734e+01
   7.7522802e+01   1.0638962e+02   5.0805380e+01
   7.7488569e+01   1.0644335e+02   5.0807335e+01
   7.7451185e+01   1.0650378e+02   5.0808609e+01
   7.7414503e+01   1.0656473e+02   5.0808962e+01
   7.7378426e+01   1.0662618e+02   5.0808389e+01
   7.7342823e+01   1.0668805e+02   5.0806897e+01
   7.7307534e+01   1.0675022e+02   5.0804505e+01
   7.7272385e+01   1.0681256e+02   5.0801237e+01
   7.7237203e+01   1.0687487e+02   5.0797117e+01
   7.7201842e+01   1.0693704e+02   5.0792162e+01
   7.7166208e+01   1.0699896e+02   5.0786370e+01
   7.7130307e+01   1.0706062e+02   5.0779725e+01
   7.7094277e+01   1.0712202e+02   5.0772195e+01
   7.7058415e+01   1.0718318e+02   5.0763741e+01
   7.7031594e+01   1.0722954e+02   5.0756577e+01
   7.7016837e+01   1.0725554e+02   5.0752279e+01
   7.7013607e+01   1.0726126e+02   5.0751320e+01
   7.7005387e+01   1.0727581e+02   5.0748879e+01
   7.6985983e+01   1.0731061e+02   5.0742831e+01
   7.6956602e+01   1.0736563e+02   5.0732460e+01
   7.6926399e+01   1.0742644e+02   5.0719956e+01
   7.6898877e+01   1.0748752e+02   5.0706374e+01
   7.6874385e+01   1.0754904e+02   5.0691704e+01
   7.6853138e+01   1.0761116e+02   5.0675937e+01
   7.6835215e+01   1.0767398e+02   5.0659075e+01
   7.6820553e+01   1.0773755e+02   5.0641120e+01
   7.6808966e+01   1.0780188e+02   5.0622076e+01
   7.6800166e+01   1.0786690e+02   5.0601951e+01
   7.6793797e+01   1.0793251e+02   5.0580758e+01
   7.6789469e+01   1.0799857e+02   5.0558514e+01
   7.6786793e+01   1.0806493e+02   5.0535243e+01
   7.6785409e+01   1.0813141e+02   5.0510976e+01
   7.6785109e+01   1.0818142e+02   5.0492000e+01
   7.6785137e+01   1.0820923e+02   5.0481191e+01
   7.6785150e+01   1.0821490e+02   5.0478974e+01
   7.6785189e+01   1.0823135e+02   5.0472548e+01
   7.6785429e+01   1.0826990e+02   5.0457280e+01
   7.6786254e+01   1.0833040e+02   5.0432546e+01
   7.6787588e+01   1.0839631e+02   5.0404647e+01
   7.6789273e+01   1.0846196e+02   5.0375935e+01
   7.6791257e+01   1.0852739e+02   5.0346460e+01
   7.6793507e+01   1.0859262e+02   5.0316283e+01
   7.6796010e+01   1.0865770e+02   5.0285485e+01
   7.6798765e+01   1.0872263e+02   5.0254160e+01
   7.6801798e+01   1.0878743e+02   5.0222418e+01
   7.6805170e+01   1.0885204e+02   5.0190375e+01
   7.6808986e+01   1.0891639e+02   5.0158139e+01
   7.6813401e+01   1.0898037e+02   5.0125795e+01
   7.6818626e+01   1.0904388e+02   5.0093395e+01
   7.6824908e+01   1.0910680e+02   5.0060953e+01
   7.6830567e+01   1.0915309e+02   5.0036784e+01
   7.6834090e+01   1.0917844e+02   5.0023422e+01
   7.6834765e+01   1.0918319e+02   5.0020916e+01
   7.6837016e+01   1.0919901e+02   5.0012561e+01
   7.6842565e+01   1.0923524e+02   4.9993320e+01
   7.6852734e+01   1.0929133e+02   4.9963073e+01
   7.6865734e+01   1.0935137e+02   4.9930101e+01
   7.6880806e+01   1.0941074e+02   4.9896892e+01
   7.6897953e+01   1.0946954e+02   4.9863441e+01
   7.6917096e+01   1.0952788e+02   4.9829763e+01
   7.6938085e+01   1.0958586e+02   4.9795890e+01
   7.6960720e+01   1.0964359e+02   4.9761865e+01
   7.6984765e+01   1.0970117e+02   4.9727728e+01
   7.7009978e+01   1.0975864e+02   4.9693513e+01
   7.7036129e+01   1.0981600e+02   4.9659242e+01
   7.7063026e+01   1.0987319e+02   4.9624925e+01
   7.7090530e+01   1.0993008e+02   4.9590554e+01
   7.7118577e+01   1.0998648e+02   4.9556104e+01
   7.7139603e+01   1.1002744e+02   4.9530686e+01
   7.7151249e+01   1.1004961e+02   4.9516746e+01
   7.7153236e+01   1.1005337e+02   4.9514372e+01
   7.7160935e+01   1.1006797e+02   4.9505172e+01
   7.7178480e+01   1.1010071e+02   4.9484345e+01
   7.7206445e+01   1.1015079e+02   4.9451670e+01
   7.7237386e+01   1.1020333e+02   4.9416212e+01
   7.7269386e+01   1.1025459e+02   4.9380283e+01
   7.7302549e+01   1.1030451e+02   4.9343816e+01
   7.7336934e+01   1.1035309e+02   4.9306773e+01
   7.7372558e+01   1.1040034e+02   4.9269141e+01
   7.7409401e+01   1.1044628e+02   4.9230928e+01
   7.7447423e+01   1.1049098e+02   4.9192155e+01
   7.7486567e+01   1.1053448e+02   4.9152847e+01
   7.7526763e+01   1.1057689e+02   4.9113031e+01
   7.7567926e+01   1.1061830e+02   4.9072737e+01
   7.7609957e+01   1.1065885e+02   4.9032004e+01
   7.7652743e+01   1.1069864e+02   4.8990883e+01
   7.7684295e+01   1.1072709e+02   4.8960772e+01
   7.7701497e+01   1.1074234e+02   4.8944419e+01
   7.7704117e+01   1.1074466e+02   4.8941929e+01
   7.7716097e+01   1.1075526e+02   4.8930547e+01
   7.7742808e+01   1.1077864e+02   4.8905236e+01
   7.7784595e+01   1.1081441e+02   4.8865880e+01
   7.7829466e+01   1.1085193e+02   4.8823945e+01
   7.7874749e+01   1.1088891e+02   4.8782034e+01
   7.7920460e+01   1.1092531e+02   4.8740255e+01
   7.7966639e+01   1.1096109e+02   4.8698733e+01
   7.8013351e+01   1.1099615e+02   4.8657614e+01
   7.8060689e+01   1.1103039e+02   4.8617060e+01
   7.8108775e+01   1.1106371e+02   4.8577236e+01
   7.8157760e+01   1.1109597e+02   4.8538288e+01
   7.8207812e+01   1.1112711e+02   4.8500325e+01
   7.8259099e+01   1.1115707e+02   4.8463394e+01
   7.8311754e+01   1.1118590e+02   4.8427470e+01
   7.8365846e+01   1.1121373e+02   4.8392458e+01
   7.8405698e+01   1.1123314e+02   4.8367869e+01
   7.8427332e+01   1.1124342e+02   4.8354826e+01
   7.8430222e+01   1.1124478e+02   4.8353089e+01
   7.8446115e+01   1.1125231e+02   4.8343536e+01
   7.8481115e+01   1.1126860e+02   4.8322838e+01
   7.8536001e+01   1.1129347e+02   4.8291285e+01
   7.8594618e+01   1.1131965e+02   4.8258285e+01
   7.8653692e+01   1.1134594e+02   4.8225436e+01
   7.8712971e+01   1.1137242e+02   4.8192678e+01
   7.8772293e+01   1.1139904e+02   4.8159991e+01
   7.8831567e+01   1.1142567e+02   4.8127410e+01
   7.8890763e+01   1.1145208e+02   4.8095005e+01
   7.8949919e+01   1.1147804e+02   4.8062845e+01
   7.9009133e+01   1.1150334e+02   4.8030974e+01
   7.9068524e+01   1.1152779e+02   4.7999402e+01
   7.9128203e+01   1.1155126e+02   4.7968110e+01
   7.9188247e+01   1.1157367e+02   4.7937057e+01
   7.9248700e+01   1.1159494e+02   4.7906187e+01
   7.9291889e+01   1.1160920e+02   4.7884367e+01
   7.9314875e+01   1.1161651e+02   4.7872807e+01
   7.9317488e+01   1.1161734e+02   4.7871494e+01
   7.9335258e+01   1.1162297e+02   4.7862561e+01
   7.9373526e+01   1.1163474e+02   4.7843387e+01
   7.9432610e+01   1.1165178e+02   4.7813916e+01
   7.9494716e+01   1.1166853e+02   4.7782979e+01
   7.9557161e+01   1.1168434e+02   4.7751818e+01
   7.9619877e+01   1.1169930e+02   4.7720398e+01
   7.9682785e+01   1.1171353e+02   4.7688736e+01
   7.9745803e+01   1.1172704e+02   4.7656916e+01
   7.9808870e+01   1.1173982e+02   4.7625086e+01
   7.9871959e+01   1.1175175e+02   4.7593435e+01
   7.9935099e+01   1.1176272e+02   4.7562164e+01
   7.9998378e+01   1.1177257e+02   4.7531442e+01
   8.0061919e+01   1.1178122e+02   4.7501389e+01
   8.0125849e+01   1.1178861e+02   4.7472062e+01
   8.0190267e+01   1.1179476e+02   4.7443461e+01
   8.0235789e+01   1.1179825e+02   4.7423897e+01
   8.0259767e+01   1.1179986e+02   4.7413766e+01
   8.0261998e+01   1.1180000e+02   4.7412824e+01
   8.0281523e+01   1.1180130e+02   4.7404587e+01
   8.0322953e+01   1.1180372e+02   4.7387347e+01
   8.0386656e+01   1.1180650e+02   4.7361532e+01
   8.0453025e+01   1.1180845e+02   4.7335296e+01
   8.0519742e+01   1.1180954e+02   4.7309486e+01
   8.0586757e+01   1.1180983e+02   4.7284036e+01
   8.0654033e+01   1.1180937e+02   4.7258872e+01
   8.0721530e+01   1.1180824e+02   4.7233910e+01
   8.0789185e+01   1.1180651e+02   4.7209060e+01
   8.0856904e+01   1.1180424e+02   4.7184231e+01
   8.0924573e+01   1.1180146e+02   4.7159330e+01
   8.0992083e+01   1.1179817e+02   4.7134277e+01
   8.1059360e+01   1.1179431e+02   4.7109003e+01
   8.1126381e+01   1.1178983e+02   4.7083461e+01
   8.1193168e+01   1.1178466e+02   4.7057624e+01
   8.1239282e+01   1.1178058e+02   4.7039528e+01
   8.1263171e+01   1.1177833e+02   4.7030088e+01
   8.1264877e+01   1.1177817e+02   4.7029413e+01
   8.1285352e+01   1.1177623e+02   4.7021317e+01
   8.1327973e+01   1.1177198e+02   4.7004364e+01
   8.1392679e+01   1.1176491e+02   4.6978315e+01
   8.1458992e+01   1.1175709e+02   4.6951273e+01
   8.1525155e+01   1.1174881e+02   4.6923895e+01
   8.1591109e+01   1.1174014e+02   4.6896135e+01
   8.1656824e+01   1.1173110e+02   4.6867945e+01
   8.1722320e+01   1.1172170e+02   4.6839301e+01
   8.1787656e+01   1.1171194e+02   4.6810234e+01
   8.1852895e+01   1.1170182e+02   4.6780845e+01
   8.1918076e+01   1.1169133e+02   4.6751304e+01
   8.1983207e+01   1.1168047e+02   4.6721817e+01
   8.2048262e+01   1.1166921e+02   4.6692575e+01
   8.2113176e+01   1.1165746e+02   4.6663708e+01
   8.2177820e+01   1.1164508e+02   4.6635256e+01
   8.2221708e+01   1.1163603e+02   4.6616040e+01
   8.2244080e+01   1.1163118e+02   4.6606223e+01
   8.2245171e+01   1.1163095e+02   4.6605744e+01
   8.2265355e+01   1.1162657e+02   4.6596886e+01
   8.2306611e+01   1.1161722e+02   4.6578738e+01
   8.2368285e+01   1.1160180e+02   4.6551170e+01
   8.2430207e+01   1.1158463e+02   4.6522687e+01
   8.2491361e+01   1.1156597e+02   4.6493484e+01
   8.2551866e+01   1.1154591e+02   4.6463386e+01
   8.2611859e+01   1.1152460e+02   4.6432395e+01
   8.2671439e+01   1.1150219e+02   4.6400713e+01
   8.2730627e+01   1.1147879e+02   4.6368722e+01
   8.2789389e+01   1.1145442e+02   4.6336888e+01
   8.2847698e+01   1.1142898e+02   4.6305624e+01
   8.2905592e+01   1.1140232e+02   4.6275180e+01
   8.2963182e+01   1.1137428e+02   4.6245601e+01
   8.3020631e+01   1.1134479e+02   4.6216763e+01
   8.3078092e+01   1.1131393e+02   4.6188460e+01
   8.3116961e+01   1.1129233e+02   4.6169584e+01
   8.3136672e+01   1.1128124e+02   4.6160066e+01
   8.3137165e+01   1.1128097e+02   4.6159829e+01
   8.3155891e+01   1.1127043e+02   4.6150787e+01
   8.3193893e+01   1.1124880e+02   4.6132538e+01
   8.3251359e+01   1.1121571e+02   4.6105201e+01
   8.3309458e+01   1.1118211e+02   4.6077875e+01
   8.3367564e+01   1.1114838e+02   4.6051005e+01
   8.3425594e+01   1.1111438e+02   4.6024819e+01
   8.3483513e+01   1.1107983e+02   4.5999412e+01
   8.3541219e+01   1.1104465e+02   4.5974641e+01
   8.3598370e+01   1.1100928e+02   4.5950142e+01
   8.3654408e+01   1.1097486e+02   4.5925398e+01
   8.3708925e+01   1.1094309e+02   4.5899772e+01
   8.3762034e+01   1.1091573e+02   4.5872547e+01
   8.3814462e+01   1.1089411e+02   4.5843029e+01
   8.3867299e+01   1.1087861e+02   4.5810731e+01
   8.3921436e+01   1.1086836e+02   4.5775676e+01
   8.3958378e+01   1.1086356e+02   4.5751061e+01
   8.3976852e+01   1.1086116e+02   4.5738750e+01
