   1.5637505e+01   1.0246206e+01   6.3350567e+00
   1.5642955e+01   1.0270678e+01   6.3320668e+00
   1.5652611e+01   1.0319263e+01   6.3216002e+00
   1.5653845e+01   1.0377228e+01   6.2914216e+00
   1.5664003e+01   1.0438090e+01   6.2484582e+00
   1.5675599e+01   1.0484410e+01   6.2008031e+00
   1.5680363e+01   1.0517672e+01   6.1377063e+00
   1.5692865e+01   1.0550844e+01   6.0727981e+00
   1.5699984e+01   1.0571716e+01   6.0065068e+00
   1.5707385e+01   1.0589384e+01   5.9380950e+00
   1.5711695e+01   1.0599790e+01   5.8680645e+00
   1.5718866e+01   1.0610264e+01   5.7950318e+00
   1.5725889e+01   1.0617596e+01   5.7266365e+00
   1.5728464e+01   1.0617747e+01   5.6553494e+00
   1.5731415e+01   1.0617067e+01   5.5992490e+00
   1.5732316e+01   1.0614032e+01   5.5674966e+00
   1.5732514e+01   1.0613064e+01   5.5589523e+00
   1.5732856e+01   1.0611387e+01   5.5441425e+00
   1.5733369e+01   1.0606074e+01   5.5071710e+00
   1.5733519e+01   1.0595174e+01   5.4451650e+00
   1.5732719e+01   1.0580989e+01   5.3717361e+00
   1.5732534e+01   1.0570545e+01   5.3051783e+00
   1.5721758e+01   1.0550594e+01   5.2343921e+00
   1.5717527e+01   1.0537601e+01   5.1645657e+00
   1.5697445e+01   1.0510073e+01   5.1046038e+00
   1.5688399e+01   1.0487079e+01   5.0339579e+00
   1.5672000e+01   1.0456603e+01   4.9766896e+00
   1.5650528e+01   1.0419356e+01   4.9206558e+00
   1.5627104e+01   1.0378844e+01   4.8641816e+00
   1.5604554e+01   1.0338047e+01   4.8083311e+00
   1.5584136e+01   1.0298200e+01   4.7552359e+00
   1.5569108e+01   1.0262084e+01   4.7038729e+00
   1.5561174e+01   1.0239983e+01   4.6721742e+00
   1.5557805e+01   1.0230966e+01   4.6597068e+00
   1.5556175e+01   1.0226607e+01   4.6536788e+00
   1.5549050e+01   1.0207904e+01   4.6282904e+00
   1.5534713e+01   1.0176285e+01   4.5907453e+00
   1.5505941e+01   1.0124326e+01   4.5454944e+00
   1.5481271e+01   1.0076889e+01   4.4993287e+00
   1.5448378e+01   1.0026733e+01   4.4685644e+00
   1.5413713e+01   9.9706390e+00   4.4314896e+00
   1.5381575e+01   9.9166157e+00   4.3947402e+00
   1.5351425e+01   9.8647357e+00   4.3610253e+00
   1.5316452e+01   9.8116598e+00   4.3368696e+00
   1.5276762e+01   9.7501070e+00   4.3128228e+00
   1.5245253e+01   9.6966281e+00   4.2844780e+00
   1.5207803e+01   9.6418985e+00   4.2731693e+00
   1.5168067e+01   9.5789088e+00   4.2529413e+00
   1.5132814e+01   9.5231333e+00   4.2337327e+00
   1.5109322e+01   9.4881725e+00   4.2262793e+00
   1.5097623e+01   9.4713647e+00   4.2235609e+00
   1.5096153e+01   9.4692540e+00   4.2232195e+00
   1.5081183e+01   9.4478420e+00   4.2198972e+00
   1.5052111e+01   9.4081014e+00   4.2163140e+00
   1.5007144e+01   9.3523873e+00   4.2212578e+00
   1.4960691e+01   9.2991080e+00   4.2289083e+00
   1.4916869e+01   9.2511118e+00   4.2506277e+00
   1.4869349e+01   9.1962936e+00   4.2624731e+00
   1.4821790e+01   9.1416587e+00   4.2772225e+00
   1.4777092e+01   9.0906975e+00   4.2930619e+00
   1.4732887e+01   9.0425921e+00   4.3142445e+00
   1.4685110e+01   8.9925493e+00   4.3451520e+00
   1.4638345e+01   8.9458455e+00   4.3642523e+00
   1.4597422e+01   8.9067449e+00   4.4003790e+00
   1.4550783e+01   8.8641263e+00   4.4390386e+00
   1.4502712e+01   8.8226525e+00   4.4788059e+00
   1.4472212e+01   8.7965827e+00   4.5018816e+00
   1.4458066e+01   8.7844922e+00   4.5141845e+00
   1.4457876e+01   8.7843293e+00   4.5143506e+00
   1.4442146e+01   8.7708839e+00   4.5280595e+00
   1.4415704e+01   8.7482619e+00   4.5555639e+00
   1.4386905e+01   8.7184912e+00   4.6100359e+00
   1.4357305e+01   8.6860227e+00   4.6720543e+00
   1.4329132e+01   8.6526433e+00   4.7277665e+00
   1.4299206e+01   8.6163106e+00   4.7808240e+00
   1.4268889e+01   8.5786504e+00   4.8305513e+00
   1.4234570e+01   8.5354065e+00   4.8804364e+00
   1.4200575e+01   8.4918900e+00   4.9292341e+00
   1.4173735e+01   8.4579922e+00   4.9795880e+00
   1.4151054e+01   8.4314644e+00   5.0388320e+00
   1.4129245e+01   8.4109520e+00   5.1047849e+00
   1.4104259e+01   8.3872558e+00   5.1693571e+00
   1.4079353e+01   8.3650929e+00   5.2324773e+00
   1.4062344e+01   8.3507026e+00   5.2775649e+00
   1.4053311e+01   8.3435191e+00   5.3009899e+00
   1.4052301e+01   8.3427221e+00   5.3036059e+00
   1.4045108e+01   8.3370417e+00   5.3222495e+00
   1.4030028e+01   8.3257222e+00   5.3612237e+00
   1.4009202e+01   8.3114071e+00   5.4286511e+00
   1.3985234e+01   8.2934600e+00   5.4930840e+00
   1.3971874e+01   8.2882689e+00   5.5576834e+00
   1.3960982e+01   8.2860319e+00   5.6294003e+00
   1.3954310e+01   8.2847552e+00   5.7012986e+00
   1.3950449e+01   8.2841150e+00   5.7719462e+00
   1.3948609e+01   8.2866858e+00   5.8424924e+00
   1.3946632e+01   8.2921093e+00   5.9160591e+00
   1.3941326e+01   8.2935691e+00   5.9857939e+00
   1.3939901e+01   8.3044748e+00   6.0543433e+00
   1.3938981e+01   8.3175089e+00   6.1244201e+00
   1.3940764e+01   8.3363278e+00   6.1914443e+00
   1.3940116e+01   8.3518330e+00   6.2546691e+00
   1.3939325e+01   8.3594510e+00   6.2898758e+00
   1.3939175e+01   8.3626763e+00   6.3030223e+00
   1.3939065e+01   8.3650264e+00   6.3126015e+00
   1.3938968e+01   8.3735901e+00   6.3446278e+00
   1.3941972e+01   8.3954741e+00   6.3959474e+00
   1.3945764e+01   8.4190233e+00   6.4655354e+00
   1.3953534e+01   8.4467851e+00   6.5274710e+00
   1.3964134e+01   8.4758151e+00   6.5937303e+00
   1.3974472e+01   8.5038218e+00   6.6592343e+00
   1.3985659e+01   8.5345254e+00   6.7232501e+00
   1.3997158e+01   8.5647663e+00   6.7831356e+00
   1.4011353e+01   8.6050761e+00   6.8388863e+00
   1.4025339e+01   8.6461568e+00   6.9024362e+00
   1.4037986e+01   8.6832740e+00   6.9563869e+00
   1.4051460e+01   8.7312651e+00   7.0028115e+00
   1.4065085e+01   8.7839166e+00   7.0555592e+00
   1.4077319e+01   8.8318260e+00   7.1057363e+00
   1.4087031e+01   8.8692007e+00   7.1401091e+00
   1.4092502e+01   8.8897108e+00   7.1587708e+00
   1.4093415e+01   8.8931182e+00   7.1618599e+00
   1.4097129e+01   8.9069714e+00   7.1744192e+00
   1.4105697e+01   8.9383043e+00   7.2024094e+00
   1.4120158e+01   8.9879557e+00   7.2423500e+00
   1.4138072e+01   9.0444900e+00   7.2825873e+00
   1.4155747e+01   9.0969541e+00   7.3268604e+00
   1.4176606e+01   9.1549796e+00   7.3690091e+00
   1.4195951e+01   9.2058756e+00   7.4086580e+00
   1.4219868e+01   9.2637709e+00   7.4330737e+00
   1.4248721e+01   9.3324672e+00   7.4680302e+00
   1.4269591e+01   9.3866149e+00   7.4993155e+00
   1.4295124e+01   9.4468746e+00   7.5052664e+00
   1.4320770e+01   9.5159143e+00   7.5256700e+00
   1.4344239e+01   9.5821988e+00   7.5408444e+00
   1.4366097e+01   9.6471565e+00   7.5596340e+00
   1.4385610e+01   9.7043146e+00   7.5721737e+00
   1.4398295e+01   9.7405939e+00   7.5789500e+00
   1.4403319e+01   9.7547715e+00   7.5814835e+00
   1.4406108e+01   9.7626432e+00   7.5828901e+00
   1.4416690e+01   9.7922969e+00   7.5880570e+00
   1.4435827e+01   9.8442893e+00   7.5965132e+00
   1.4461638e+01   9.9110131e+00   7.6072695e+00
   1.4487912e+01   9.9762309e+00   7.6174921e+00
   1.4516913e+01   1.0042458e+01   7.6223175e+00
   1.4543528e+01   1.0104010e+01   7.6237880e+00
   1.4572001e+01   1.0166065e+01   7.6093328e+00
   1.4601285e+01   1.0233111e+01   7.5947106e+00
   1.4629032e+01   1.0298105e+01   7.5857018e+00
   1.4655890e+01   1.0362987e+01   7.5749668e+00
   1.4680683e+01   1.0424922e+01   7.5585556e+00
   1.4705832e+01   1.0489741e+01   7.5391804e+00
   1.4730859e+01   1.0555800e+01   7.5202139e+00
   1.4755647e+01   1.0621591e+01   7.5038476e+00
   1.4772283e+01   1.0665271e+01   7.4894799e+00
   1.4782039e+01   1.0689987e+01   7.4782511e+00
   1.4783624e+01   1.0693987e+01   7.4763784e+00
   1.4789902e+01   1.0709831e+01   7.4689610e+00
   1.4804295e+01   1.0745602e+01   7.4502748e+00
   1.4827532e+01   1.0804635e+01   7.4248102e+00
   1.4850055e+01   1.0858947e+01   7.3905676e+00
   1.4873528e+01   1.0915115e+01   7.3530328e+00
   1.4896014e+01   1.0968724e+01   7.3109653e+00
   1.4919905e+01   1.1025052e+01   7.2717251e+00
   1.4941787e+01   1.1076328e+01   7.2316263e+00
   1.4963803e+01   1.1125666e+01   7.1855224e+00
   1.4986659e+01   1.1176961e+01   7.1387280e+00
   1.5007921e+01   1.1223893e+01   7.0921236e+00
   1.5029040e+01   1.1268787e+01   7.0420603e+00
   1.5050752e+01   1.1314463e+01   6.9888269e+00
   1.5071500e+01   1.1358834e+01   6.9363626e+00
   1.5087799e+01   1.1394360e+01   6.8863766e+00
   1.5096570e+01   1.1414831e+01   6.8501549e+00
   1.5100353e+01   1.1423733e+01   6.8334932e+00
   1.5101307e+01   1.1425980e+01   6.8292887e+00
   1.5106711e+01   1.1438727e+01   6.8050988e+00
   1.5116681e+01   1.1462298e+01   6.7576300e+00
   1.5129965e+01   1.1492770e+01   6.6960879e+00
   1.5140238e+01   1.1516852e+01   6.6299876e+00
   1.5151359e+01   1.1543515e+01   6.5642235e+00
   1.5164513e+01   1.1576070e+01   6.5045047e+00
   1.5176366e+01   1.1605502e+01   6.4380836e+00
   1.5188132e+01   1.1633128e+01   6.3736304e+00
   1.5197512e+01   1.1653846e+01   6.3085969e+00
   1.5205282e+01   1.1668968e+01   6.2392180e+00
   1.5211728e+01   1.1681159e+01   6.1693886e+00
   1.5215527e+01   1.1687934e+01   6.1000987e+00
   1.5218083e+01   1.1692376e+01   6.0280390e+00
   1.5220981e+01   1.1696486e+01   5.9568511e+00
   1.5222722e+01   1.1698035e+01   5.9005657e+00
   1.5223779e+01   1.1698733e+01   5.8673785e+00
   1.5224084e+01   1.1698923e+01   5.8580736e+00
   1.5224554e+01   1.1699216e+01   5.8437386e+00
   1.5225853e+01   1.1699961e+01   5.8056565e+00
   1.5228429e+01   1.1701480e+01   5.7439363e+00
   1.5230964e+01   1.1702204e+01   5.6713836e+00
   1.5233539e+01   1.1702946e+01   5.6012057e+00
   1.5232340e+01   1.1698407e+01   5.5327579e+00
   1.5228873e+01   1.1690545e+01   5.4603965e+00
   1.5225518e+01   1.1682858e+01   5.3901725e+00
   1.5218402e+01   1.1669543e+01   5.3226599e+00
   1.5212533e+01   1.1658959e+01   5.2494388e+00
   1.5207060e+01   1.1648966e+01   5.1796305e+00
   1.5198233e+01   1.1633858e+01   5.1114524e+00
   1.5188626e+01   1.1616696e+01   5.0424660e+00
   1.5176404e+01   1.1594808e+01   4.9794238e+00
   1.5159762e+01   1.1566576e+01   4.9149039e+00
   1.5147647e+01   1.1545449e+01   4.8691546e+00
   1.5142115e+01   1.1535172e+01   4.8446868e+00
   1.5141402e+01   1.1533834e+01   4.8414702e+00
   1.5137383e+01   1.1526303e+01   4.8233545e+00
   1.5129575e+01   1.1510845e+01   4.7839014e+00
   1.5117140e+01   1.1484531e+01   4.7206675e+00
   1.5107323e+01   1.1460979e+01   4.6547118e+00
   1.5095045e+01   1.1431266e+01   4.5914243e+00
   1.5081603e+01   1.1399607e+01   4.5314470e+00
   1.5063135e+01   1.1360846e+01   4.4750938e+00
   1.5043234e+01   1.1320393e+01   4.4170629e+00
   1.5023004e+01   1.1279781e+01   4.3641170e+00
   1.4997938e+01   1.1232365e+01   4.3161214e+00
   1.4978225e+01   1.1192350e+01   4.2610894e+00
   1.4953836e+01   1.1145853e+01   4.2148504e+00
   1.4928114e+01   1.1097246e+01   4.1694703e+00
   1.4901188e+01   1.1046793e+01   4.1279179e+00
   1.4876269e+01   1.1000271e+01   4.0914369e+00
   1.4861799e+01   1.0973107e+01   4.0697716e+00
   1.4856055e+01   1.0962414e+01   4.0616137e+00
   1.4852558e+01   1.0955904e+01   4.0566471e+00
   1.4839736e+01   1.0932157e+01   4.0390251e+00
   1.4815664e+01   1.0888886e+01   4.0120928e+00
   1.4785897e+01   1.0835392e+01   3.9729115e+00
   1.4753278e+01   1.0780899e+01   3.9441119e+00
   1.4723019e+01   1.0730121e+01   3.9052314e+00
   1.4687995e+01   1.0675951e+01   3.8753563e+00
   1.4652194e+01   1.0622576e+01   3.8384967e+00
   1.4616899e+01   1.0573100e+01   3.8075119e+00
   1.4575845e+01   1.0519448e+01   3.7852495e+00
   1.4532087e+01   1.0465110e+01   3.7609742e+00
   1.4490660e+01   1.0415338e+01   3.7464942e+00
   1.4444073e+01   1.0361039e+01   3.7401692e+00
   1.4396301e+01   1.0306133e+01   3.7324527e+00
   1.4350412e+01   1.0253524e+01   3.7213754e+00
   1.4317192e+01   1.0215709e+01   3.7141960e+00
   1.4299713e+01   1.0195791e+01   3.7111335e+00
   1.4297591e+01   1.0193374e+01   3.7107716e+00
   1.4283975e+01   1.0177856e+01   3.7084490e+00
   1.4254195e+01   1.0143908e+01   3.7042665e+00
   1.4210372e+01   1.0094255e+01   3.6994850e+00
   1.4165038e+01   1.0042548e+01   3.7046518e+00
   1.4117445e+01   9.9882113e+00   3.7117498e+00
   1.4071588e+01   9.9353857e+00   3.7228521e+00
   1.4025591e+01   9.8816206e+00   3.7301126e+00
   1.3978053e+01   9.8253554e+00   3.7394909e+00
   1.3934063e+01   9.7724386e+00   3.7465436e+00
   1.3891826e+01   9.7218446e+00   3.7633724e+00
   1.3846386e+01   9.6668397e+00   3.7830314e+00
   1.3801158e+01   9.6117171e+00   3.8041979e+00
   1.3761272e+01   9.5632273e+00   3.8251672e+00
   1.3723031e+01   9.5198955e+00   3.8617557e+00
   1.3684336e+01   9.4753189e+00   3.8957900e+00
   1.3662083e+01   9.4499263e+00   3.9169524e+00
   1.3653037e+01   9.4395901e+00   3.9254691e+00
   1.3648912e+01   9.4348759e+00   3.9293535e+00
   1.3631540e+01   9.4150124e+00   3.9456344e+00
   1.3600992e+01   9.3798189e+00   3.9726312e+00
   1.3559021e+01   9.3313711e+00   4.0075786e+00
   1.3518542e+01   9.2842514e+00   4.0389871e+00
   1.3479345e+01   9.2392954e+00   4.0788534e+00
   1.3439525e+01   9.1927013e+00   4.1143892e+00
   1.3402890e+01   9.1504729e+00   4.1589965e+00
   1.3365066e+01   9.1062428e+00   4.2000473e+00
   1.3333402e+01   9.0698130e+00   4.2482231e+00
   1.3299195e+01   9.0295878e+00   4.2990709e+00
   1.3267775e+01   8.9926970e+00   4.3503102e+00
   1.3234766e+01   8.9532887e+00   4.4012976e+00
   1.3202381e+01   8.9148152e+00   4.4523770e+00
   1.3172206e+01   8.8795147e+00   4.5039069e+00
   1.3147739e+01   8.8526695e+00   4.5505867e+00
   1.3132819e+01   8.8368254e+00   4.5807175e+00
   1.3127706e+01   8.8314277e+00   4.5910550e+00
   1.3123287e+01   8.8267639e+00   4.5999868e+00
   1.3109305e+01   8.8120793e+00   4.6282812e+00
   1.3085257e+01   8.7869223e+00   4.6751424e+00
   1.3054435e+01   8.7544507e+00   4.7311901e+00
   1.3021626e+01   8.7194481e+00   4.7864682e+00
   1.2991888e+01   8.6900536e+00   4.8443383e+00
   1.2967727e+01   8.6678992e+00   4.9021889e+00
   1.2951294e+01   8.6587399e+00   4.9686810e+00
   1.2933836e+01   8.6510712e+00   5.0414732e+00
   1.2915059e+01   8.6412901e+00   5.1088007e+00
   1.2894148e+01   8.6302825e+00   5.1769168e+00
   1.2873167e+01   8.6207239e+00   5.2436031e+00
   1.2853820e+01   8.6150044e+00   5.3107236e+00
   1.2832462e+01   8.6098370e+00   5.3785665e+00
   1.2810112e+01   8.6045754e+00   5.4475376e+00
   1.2794381e+01   8.6003572e+00   5.4935364e+00
   1.2786763e+01   8.5989965e+00   5.5177156e+00
   1.2786108e+01   8.5988848e+00   5.5198098e+00
   1.2779691e+01   8.5977907e+00   5.5403226e+00
   1.2767304e+01   8.5967502e+00   5.5829077e+00
   1.2748877e+01   8.5968225e+00   5.6504690e+00
   1.2731384e+01   8.5982570e+00   5.7190523e+00
   1.2716690e+01   8.6032113e+00   5.7873436e+00
   1.2703605e+01   8.6103833e+00   5.8571281e+00
   1.2691909e+01   8.6188746e+00   5.9269882e+00
   1.2681702e+01   8.6286750e+00   5.9968547e+00
   1.2672823e+01   8.6398358e+00   6.0666211e+00
   1.2665826e+01   8.6530280e+00   6.1356768e+00
   1.2660878e+01   8.6688477e+00   6.2038862e+00
   1.2657795e+01   8.6880416e+00   6.2736305e+00
   1.2654986e+01   8.7073734e+00   6.3418372e+00
   1.2655566e+01   8.7309675e+00   6.4070291e+00
   1.2657810e+01   8.7566317e+00   6.4707006e+00
   1.2659645e+01   8.7737120e+00   6.5109832e+00
   1.2660743e+01   8.7819808e+00   6.5294572e+00
   1.2660930e+01   8.7833887e+00   6.5326027e+00
   1.2662437e+01   8.7943971e+00   6.5569784e+00
   1.2666148e+01   8.8163297e+00   6.6021090e+00
   1.2671111e+01   8.8476926e+00   6.6676645e+00
   1.2676486e+01   8.8789008e+00   6.7305817e+00
   1.2683351e+01   8.9119494e+00   6.7911879e+00
   1.2692281e+01   8.9485123e+00   6.8530259e+00
   1.2700442e+01   8.9834206e+00   6.9144972e+00
   1.2710907e+01   9.0207560e+00   6.9731066e+00
   1.2721785e+01   9.0587245e+00   7.0327903e+00
   1.2733867e+01   9.0975257e+00   7.0896111e+00
   1.2747205e+01   9.1384278e+00   7.1469442e+00
   1.2760322e+01   9.1791590e+00   7.2047374e+00
   1.2773433e+01   9.2197614e+00   7.2604261e+00
   1.2787551e+01   9.2632392e+00   7.3160394e+00
   1.2800485e+01   9.3052190e+00   7.3695014e+00
   1.2809989e+01   9.3355053e+00   7.4023663e+00
   1.2814580e+01   9.3504556e+00   7.4182797e+00
   1.2814846e+01   9.3513243e+00   7.4192043e+00
   1.2819991e+01   9.3681009e+00   7.4370416e+00
   1.2829806e+01   9.4009759e+00   7.4713788e+00
   1.2844888e+01   9.4523359e+00   7.5163004e+00
   1.2859733e+01   9.5068124e+00   7.5619570e+00
   1.2873403e+01   9.5606657e+00   7.6053604e+00
   1.2887330e+01   9.6162783e+00   7.6456056e+00
   1.2901397e+01   9.6760756e+00   7.6866658e+00
   1.2912971e+01   9.7309363e+00   7.7279588e+00
   1.2926400e+01   9.7900112e+00   7.7614286e+00
   1.2940024e+01   9.8515140e+00   7.7961493e+00
   1.2954039e+01   9.9132729e+00   7.8274566e+00
   1.2968138e+01   9.9767480e+00   7.8601741e+00
   1.2981388e+01   1.0037440e+01   7.8924153e+00
   1.2995803e+01   1.0100994e+01   7.9222143e+00
   1.3009158e+01   1.0161433e+01   7.9525702e+00
   1.3019756e+01   1.0202268e+01   7.9697588e+00
   1.3024897e+01   1.0222000e+01   7.9783167e+00
   1.3025274e+01   1.0223446e+01   7.9789440e+00
   1.3031189e+01   1.0246142e+01   7.9888085e+00
   1.3042847e+01   1.0290914e+01   8.0091208e+00
   1.3060152e+01   1.0352677e+01   8.0327819e+00
   1.3079175e+01   1.0417987e+01   8.0525555e+00
   1.3098749e+01   1.0484856e+01   8.0712690e+00
   1.3117479e+01   1.0551693e+01   8.0925312e+00
   1.3135240e+01   1.0616137e+01   8.1119835e+00
   1.3153613e+01   1.0681455e+01   8.1242669e+00
   1.3172488e+01   1.0750432e+01   8.1364672e+00
   1.3190596e+01   1.0818866e+01   8.1483391e+00
   1.3207932e+01   1.0886898e+01   8.1604105e+00
   1.3225475e+01   1.0955800e+01   8.1703268e+00
   1.3241912e+01   1.1021893e+01   8.1784698e+00
   1.3260650e+01   1.1089986e+01   8.1790507e+00
   1.3278398e+01   1.1157837e+01   8.1820234e+00
   1.3289946e+01   1.1200644e+01   8.1820968e+00
   1.3295474e+01   1.1221144e+01   8.1820534e+00
   1.3296134e+01   1.1223593e+01   8.1820482e+00
   1.3302902e+01   1.1248693e+01   8.1819838e+00
   1.3316134e+01   1.1297904e+01   8.1817503e+00
   1.3334411e+01   1.1367154e+01   8.1827166e+00
   1.3353419e+01   1.1436746e+01   8.1799985e+00
   1.3370576e+01   1.1501724e+01   8.1752068e+00
   1.3390354e+01   1.1565099e+01   8.1566168e+00
   1.3410665e+01   1.1635958e+01   8.1412691e+00
   1.3429467e+01   1.1701866e+01   8.1246954e+00
   1.3448389e+01   1.1771157e+01   8.1103111e+00
   1.3465712e+01   1.1836494e+01   8.0959313e+00
   1.3482804e+01   1.1898764e+01   8.0717671e+00
   1.3500742e+01   1.1965609e+01   8.0446246e+00
   1.3516940e+01   1.2026550e+01   8.0167176e+00
   1.3532741e+01   1.2084277e+01   7.9815667e+00
   1.3547271e+01   1.2136156e+01   7.9488045e+00
   1.3556235e+01   1.2167398e+01   7.9291606e+00
   1.3559547e+01   1.2178804e+01   7.9220627e+00
   1.3561901e+01   1.2186909e+01   7.9170190e+00
   1.3570133e+01   1.2215014e+01   7.8996595e+00
   1.3584519e+01   1.2262381e+01   7.8716529e+00
   1.3603315e+01   1.2318275e+01   7.8324822e+00
   1.3623390e+01   1.2373389e+01   7.7934575e+00
   1.3644816e+01   1.2425019e+01   7.7499030e+00
   1.3667825e+01   1.2477605e+01   7.7071448e+00
   1.3692014e+01   1.2527995e+01   7.6608323e+00
   1.3715802e+01   1.2576411e+01   7.6173767e+00
   1.3738975e+01   1.2617885e+01   7.5666050e+00
   1.3762974e+01   1.2662727e+01   7.5140061e+00
   1.3784985e+01   1.2703554e+01   7.4611473e+00
   1.3806304e+01   1.2744753e+01   7.4064296e+00
   1.3825907e+01   1.2784873e+01   7.3520338e+00
   1.3843506e+01   1.2822705e+01   7.2949820e+00
   1.3857796e+01   1.2856281e+01   7.2487515e+00
   1.3865753e+01   1.2875781e+01   7.2208395e+00
   1.3868267e+01   1.2882019e+01   7.2118668e+00
   1.3871053e+01   1.2888933e+01   7.2019212e+00
   1.3878996e+01   1.2908935e+01   7.1729957e+00
   1.3892037e+01   1.2943001e+01   7.1242709e+00
   1.3906859e+01   1.2982215e+01   7.0677617e+00
   1.3920949e+01   1.3018548e+01   7.0079505e+00
   1.3936294e+01   1.3054169e+01   6.9490282e+00
   1.3951429e+01   1.3083205e+01   6.8872019e+00
   1.3970053e+01   1.3113359e+01   6.8246245e+00
   1.3990489e+01   1.3140680e+01   6.7628659e+00
   1.4013223e+01   1.3166861e+01   6.7009380e+00
   1.4037896e+01   1.3192654e+01   6.6394013e+00
   1.4063396e+01   1.3217161e+01   6.5779295e+00
   1.4089344e+01   1.3240564e+01   6.5155372e+00
   1.4115266e+01   1.3263446e+01   6.4537897e+00
   1.4140135e+01   1.3284329e+01   6.3914339e+00
   1.4161456e+01   1.3302149e+01   6.3370030e+00
   1.4173735e+01   1.3312900e+01   6.3057576e+00
   1.4177902e+01   1.3316515e+01   6.2949702e+00
   1.4181857e+01   1.3319946e+01   6.2847302e+00
   1.4193842e+01   1.3330248e+01   6.2531712e+00
   1.4211689e+01   1.3343776e+01   6.2006283e+00
   1.4232673e+01   1.3358944e+01   6.1335442e+00
   1.4252436e+01   1.3373607e+01   6.0666368e+00
   1.4270810e+01   1.3387030e+01   5.9994939e+00
   1.4287947e+01   1.3399750e+01   5.9318365e+00
   1.4305238e+01   1.3414201e+01   5.8639706e+00
   1.4322090e+01   1.3429590e+01   5.7971279e+00
   1.4337357e+01   1.3442490e+01   5.7298752e+00
   1.4352990e+01   1.3456174e+01   5.6587626e+00
   1.4368655e+01   1.3471415e+01   5.5925123e+00
   1.4380421e+01   1.3479136e+01   5.5253967e+00
   1.4392168e+01   1.3485672e+01   5.4544017e+00
   1.4402940e+01   1.3490283e+01   5.3847183e+00
   1.4411641e+01   1.3492497e+01   5.3241842e+00
   1.4417198e+01   1.3494246e+01   5.2870869e+00
   1.4419218e+01   1.3494877e+01   5.2736482e+00
   1.4420716e+01   1.3495345e+01   5.2636906e+00
   1.4425790e+01   1.3496919e+01   5.2300358e+00
   1.4434572e+01   1.3499209e+01   5.1712156e+00
   1.4444927e+01   1.3502357e+01   5.1030858e+00
   1.4452592e+01   1.3496680e+01   5.0338024e+00
   1.4460860e+01   1.3491279e+01   4.9622091e+00
   1.4465974e+01   1.3478582e+01   4.8939797e+00
   1.4473385e+01   1.3471204e+01   4.8227541e+00
   1.4481918e+01   1.3465715e+01   4.7512900e+00
   1.4488800e+01   1.3457406e+01   4.6819295e+00
   1.4493939e+01   1.3443756e+01   4.6109617e+00
   1.4498287e+01   1.3429042e+01   4.5431132e+00
   1.4498636e+01   1.3404566e+01   4.4799680e+00
   1.4498223e+01   1.3375680e+01   4.4120527e+00
   1.4497834e+01   1.3347028e+01   4.3453349e+00
   1.4498833e+01   1.3329036e+01   4.2966541e+00
   1.4498776e+01   1.3317646e+01   4.2698218e+00
   1.4498753e+01   1.3315451e+01   4.2647235e+00
   1.4498675e+01   1.3308304e+01   4.2481240e+00
   1.4498181e+01   1.3291164e+01   4.2100512e+00
   1.4498931e+01   1.3267699e+01   4.1490118e+00
   1.4497922e+01   1.3238910e+01   4.0845077e+00
   1.4496429e+01   1.3209699e+01   4.0192929e+00
   1.4494227e+01   1.3180482e+01   3.9545030e+00
   1.4490936e+01   1.3150541e+01   3.8903184e+00
   1.4487804e+01   1.3122640e+01   3.8253866e+00
   1.4483276e+01   1.3092379e+01   3.7590968e+00
   1.4479217e+01   1.3064977e+01   3.6939261e+00
   1.4469749e+01   1.3034534e+01   3.6327561e+00
   1.4457175e+01   1.2999488e+01   3.5717002e+00
   1.4442021e+01   1.2963397e+01   3.5131243e+00
   1.4423968e+01   1.2923714e+01   3.4574366e+00
   1.4404696e+01   1.2884812e+01   3.3986078e+00
   1.4390639e+01   1.2857426e+01   3.3578402e+00
   1.4383051e+01   1.2843228e+01   3.3349130e+00
   1.4381855e+01   1.2841002e+01   3.3312795e+00
   1.4376690e+01   1.2831395e+01   3.3155954e+00
   1.4365329e+01   1.2810794e+01   3.2803394e+00
   1.4347048e+01   1.2778326e+01   3.2240702e+00
   1.4327190e+01   1.2742790e+01   3.1652350e+00
   1.4307586e+01   1.2707200e+01   3.1077121e+00
   1.4286684e+01   1.2667185e+01   3.0513571e+00
   1.4267111e+01   1.2627560e+01   2.9967240e+00
   1.4246203e+01   1.2582378e+01   2.9493343e+00
   1.4224611e+01   1.2532837e+01   2.9017719e+00
   1.4203564e+01   1.2482039e+01   2.8555968e+00
   1.4183191e+01   1.2430893e+01   2.8107940e+00
   1.4164040e+01   1.2380486e+01   2.7645844e+00
   1.4145040e+01   1.2330391e+01   2.7175773e+00
   1.4125556e+01   1.2278752e+01   2.6713213e+00
   1.4106255e+01   1.2227672e+01   2.6258357e+00
   1.4091764e+01   1.2191360e+01   2.5974731e+00
   1.4083485e+01   1.2171098e+01   2.5828708e+00
   1.4082750e+01   1.2169302e+01   2.5815852e+00
   1.4076095e+01   1.2153045e+01   2.5699423e+00
   1.4061359e+01   1.2117665e+01   2.5459961e+00
   1.4038275e+01   1.2064498e+01   2.5095257e+00
   1.4012405e+01   1.2007602e+01   2.4772464e+00
   1.3985659e+01   1.1950963e+01   2.4415556e+00
   1.3958499e+01   1.1894883e+01   2.4088717e+00
   1.3930179e+01   1.1838056e+01   2.3763079e+00
   1.3901314e+01   1.1780892e+01   2.3436122e+00
   1.3872684e+01   1.1724618e+01   2.3122417e+00
   1.3843382e+01   1.1667720e+01   2.2835241e+00
   1.3812837e+01   1.1608955e+01   2.2573113e+00
   1.3783481e+01   1.1551062e+01   2.2276117e+00
   1.3753134e+01   1.1492085e+01   2.2014308e+00
   1.3724515e+01   1.1434502e+01   2.1714306e+00
   1.3695077e+01   1.1376339e+01   2.1452922e+00
   1.3672840e+01   1.1333154e+01   2.1277650e+00
   1.3660525e+01   1.1309402e+01   2.1184084e+00
   1.3658658e+01   1.1305803e+01   2.1169957e+00
   1.3650286e+01   1.1289670e+01   2.1106620e+00
   1.3631371e+01   1.1253359e+01   2.0966217e+00
   1.3602009e+01   1.1197103e+01   2.0745646e+00
   1.3570583e+01   1.1138030e+01   2.0528139e+00
   1.3538293e+01   1.1078710e+01   2.0326518e+00
   1.3504469e+01   1.1018195e+01   2.0132930e+00
   1.3470744e+01   1.0957949e+01   1.9939717e+00
   1.3436706e+01   1.0899570e+01   1.9777676e+00
   1.3400974e+01   1.0840614e+01   1.9653768e+00
   1.3362737e+01   1.0778822e+01   1.9541927e+00
   1.3326524e+01   1.0720291e+01   1.9427069e+00
   1.3288232e+01   1.0661697e+01   1.9379734e+00
   1.3249042e+01   1.0601477e+01   1.9319790e+00
   1.3210058e+01   1.0542904e+01   1.9298125e+00
   1.3170451e+01   1.0483627e+01   1.9279637e+00
   1.3140535e+01   1.0439127e+01   1.9282191e+00
   1.3123643e+01   1.0413921e+01   1.9285806e+00
   1.3120031e+01   1.0408525e+01   1.9286655e+00
   1.3110457e+01   1.0394223e+01   1.9288906e+00
   1.3087446e+01   1.0359744e+01   1.9295599e+00
   1.3052233e+01   1.0306124e+01   1.9307023e+00
   1.3013682e+01   1.0247087e+01   1.9358596e+00
   1.2976029e+01   1.0187490e+01   1.9417044e+00
   1.2939167e+01   1.0127652e+01   1.9513120e+00
   1.2903170e+01   1.0066691e+01   1.9608883e+00
   1.2868675e+01   1.0005714e+01   1.9680920e+00
   1.2834038e+01   9.9416472e+00   1.9756771e+00
   1.2800803e+01   9.8788180e+00   1.9833806e+00
   1.2770539e+01   9.8199349e+00   1.9965694e+00
   1.2740474e+01   9.7599383e+00   2.0187465e+00
   1.2709731e+01   9.6981559e+00   2.0415940e+00
   1.2680210e+01   9.6383824e+00   2.0660874e+00
   1.2650494e+01   9.5775794e+00   2.0902903e+00
   1.2628584e+01   9.5332324e+00   2.1080057e+00
   1.2616432e+01   9.5086649e+00   2.1170426e+00
   1.2614150e+01   9.5040531e+00   2.1187269e+00
   1.2606440e+01   9.4884722e+00   2.1244172e+00
   1.2588735e+01   9.4527412e+00   2.1371481e+00
   1.2561452e+01   9.3981182e+00   2.1603472e+00
   1.2530925e+01   9.3376801e+00   2.1831972e+00
   1.2500503e+01   9.2775608e+00   2.2031544e+00
   1.2470002e+01   9.2182459e+00   2.2269628e+00
   1.2438535e+01   9.1574580e+00   2.2499435e+00
   1.2406978e+01   9.0975298e+00   2.2727630e+00
   1.2375764e+01   9.0398504e+00   2.2963374e+00
   1.2344013e+01   8.9834499e+00   2.3236263e+00
   1.2310599e+01   8.9255898e+00   2.3523040e+00
   1.2277529e+01   8.8696783e+00   2.3793604e+00
   1.2244384e+01   8.8151245e+00   2.4112311e+00
   1.2210119e+01   8.7599596e+00   2.4386432e+00
   1.2176362e+01   8.7075423e+00   2.4721193e+00
   1.2148514e+01   8.6656537e+00   2.4972238e+00
   1.2132973e+01   8.6428987e+00   2.5120649e+00
   1.2128988e+01   8.6371054e+00   2.5159303e+00
   1.2121240e+01   8.6258434e+00   2.5234446e+00
   1.2102061e+01   8.5983572e+00   2.5426091e+00
   1.2070577e+01   8.5547534e+00   2.5765039e+00
   1.2033808e+01   8.5047805e+00   2.6121893e+00
   1.1998528e+01   8.4583504e+00   2.6500526e+00
   1.1962689e+01   8.4119311e+00   2.6907625e+00
   1.1926573e+01   8.3647090e+00   2.7306801e+00
   1.1891003e+01   8.3174452e+00   2.7709806e+00
   1.1856436e+01   8.2704426e+00   2.8100255e+00
   1.1822774e+01   8.2243911e+00   2.8522348e+00
   1.1789080e+01   8.1773331e+00   2.8937649e+00
   1.1755702e+01   8.1311449e+00   2.9383071e+00
   1.1722879e+01   8.0851142e+00   2.9815626e+00
   1.1693000e+01   8.0450966e+00   3.0285017e+00
   1.1664757e+01   8.0069892e+00   3.0801596e+00
   1.1641749e+01   7.9773568e+00   3.1242590e+00
   1.1629229e+01   7.9611484e+00   3.1485587e+00
   1.1625963e+01   7.9569158e+00   3.1548385e+00
   1.1619844e+01   7.9489866e+00   3.1666027e+00
   1.1604282e+01   7.9287766e+00   3.1960011e+00
   1.1577311e+01   7.8936712e+00   3.2395081e+00
   1.1546856e+01   7.8539812e+00   3.2913426e+00
   1.1518642e+01   7.8173720e+00   3.3437205e+00
   1.1490174e+01   7.7799373e+00   3.3978957e+00
   1.1461720e+01   7.7420286e+00   3.4510248e+00
   1.1433565e+01   7.7042211e+00   3.5043653e+00
   1.1404793e+01   7.6652761e+00   3.5566178e+00
   1.1377028e+01   7.6278053e+00   3.6089952e+00
   1.1350155e+01   7.5919691e+00   3.6636472e+00
   1.1322455e+01   7.5552574e+00   3.7192496e+00
   1.1295542e+01   7.5200204e+00   3.7736533e+00
   1.1268871e+01   7.4856897e+00   3.8311408e+00
   1.1241346e+01   7.4505554e+00   3.8854746e+00
   1.1219735e+01   7.4238984e+00   3.9349706e+00
   1.1206105e+01   7.4072244e+00   3.9654413e+00
   1.1201252e+01   7.4013151e+00   3.9763984e+00
   1.1197496e+01   7.3967417e+00   3.9848784e+00
   1.1185138e+01   7.3817514e+00   4.0129907e+00
   1.1165328e+01   7.3581323e+00   4.0610060e+00
   1.1141039e+01   7.3294345e+00   4.1219088e+00
   1.1117940e+01   7.3021281e+00   4.1826283e+00
   1.1096057e+01   7.2759910e+00   4.2454065e+00
   1.1074725e+01   7.2488051e+00   4.3083457e+00
   1.1053379e+01   7.2206333e+00   4.3679335e+00
   1.1030109e+01   7.1886274e+00   4.4285146e+00
   1.1007050e+01   7.1558424e+00   4.4870523e+00
   1.0988986e+01   7.1282581e+00   4.5483071e+00
   1.0967744e+01   7.0959300e+00   4.6087677e+00
   1.0948804e+01   7.0664071e+00   4.6703043e+00
   1.0928634e+01   7.0356636e+00   4.7345751e+00
   1.0908212e+01   7.0058170e+00   4.7969477e+00
   1.0895960e+01   6.9884079e+00   4.8458599e+00
   1.0890507e+01   6.9809565e+00   4.8763854e+00
   1.0889135e+01   6.9791116e+00   4.8849114e+00
   1.0886846e+01   6.9760325e+00   4.8991413e+00
   1.0882068e+01   6.9698306e+00   4.9352264e+00
   1.0877249e+01   6.9645112e+00   4.9970210e+00
   1.0873586e+01   6.9612953e+00   5.0704334e+00
   1.0868235e+01   6.9546621e+00   5.1412227e+00
   1.0862155e+01   6.9452620e+00   5.2104928e+00
   1.0853793e+01   6.9318408e+00   5.2792161e+00
   1.0844589e+01   6.9157843e+00   5.3481290e+00
   1.0834885e+01   6.8982879e+00   5.4178083e+00
   1.0823504e+01   6.8779991e+00   5.4836267e+00
   1.0816244e+01   6.8631637e+00   5.5533641e+00
   1.0808372e+01   6.8472987e+00   5.6212654e+00
   1.0805044e+01   6.8384631e+00   5.6906408e+00
   1.0799584e+01   6.8267240e+00   5.7625934e+00
   1.0796332e+01   6.8180477e+00   5.8326882e+00
   1.0793135e+01   6.8110603e+00   5.8805821e+00
   1.0791119e+01   6.8070693e+00   5.9054872e+00
   1.0790994e+01   6.8068228e+00   5.9070179e+00
   1.0789223e+01   6.8033331e+00   5.9286817e+00
   1.0785012e+01   6.7955505e+00   5.9736942e+00
   1.0777836e+01   6.7832269e+00   6.0418837e+00
   1.0772746e+01   6.7741897e+00   6.1108608e+00
   1.0765916e+01   6.7638140e+00   6.1829299e+00
   1.0758443e+01   6.7529863e+00   6.2515179e+00
   1.0753632e+01   6.7465237e+00   6.3228292e+00
   1.0747173e+01   6.7386858e+00   6.3923787e+00
   1.0745751e+01   6.7373563e+00   6.4618306e+00
   1.0742596e+01   6.7338946e+00   6.5350960e+00
   1.0739093e+01   6.7300014e+00   6.6054516e+00
   1.0734669e+01   6.7247144e+00   6.6763532e+00
   1.0727349e+01   6.7159077e+00   6.7466597e+00
   1.0723777e+01   6.7111947e+00   6.8162285e+00
   1.0723030e+01   6.7101343e+00   6.8860637e+00
   1.0723408e+01   6.7106777e+00   6.9363474e+00
   1.0723627e+01   6.7110335e+00   6.9619655e+00
   1.0723641e+01   6.7110568e+00   6.9636202e+00
   1.0723830e+01   6.7113659e+00   6.9856297e+00
   1.0724245e+01   6.7121077e+00   7.0317462e+00
   1.0723973e+01   6.7123817e+00   7.1004469e+00
   1.0722454e+01   6.7115450e+00   7.1711509e+00
   1.0720239e+01   6.7103790e+00   7.2425381e+00
   1.0717852e+01   6.7097652e+00   7.3135920e+00
   1.0714379e+01   6.7085942e+00   7.3844219e+00
   1.0710809e+01   6.7084874e+00   7.4552840e+00
   1.0707324e+01   6.7098279e+00   7.5261008e+00
   1.0702327e+01   6.7107974e+00   7.5970564e+00
   1.0696576e+01   6.7128068e+00   7.6686094e+00
   1.0689962e+01   6.7159492e+00   7.7388491e+00
   1.0684796e+01   6.7235569e+00   7.8087872e+00
   1.0679394e+01   6.7337765e+00   7.8782916e+00
   1.0675796e+01   6.7499412e+00   7.9475951e+00
   1.0670918e+01   6.7600924e+00   7.9975419e+00
   1.0667604e+01   6.7651229e+00   8.0239574e+00
   1.0667158e+01   6.7657748e+00   8.0274089e+00
   1.0664626e+01   6.7694821e+00   8.0470381e+00
   1.0658308e+01   6.7770881e+00   8.0893239e+00
   1.0646194e+01   6.7881388e+00   8.1547264e+00
   1.0630259e+01   6.7986122e+00   8.2231928e+00
   1.0613846e+01   6.8117500e+00   8.2913908e+00
   1.0594851e+01   6.8251974e+00   8.3603844e+00
   1.0575905e+01   6.8400223e+00   8.4256393e+00
   1.0561388e+01   6.8616905e+00   8.4893754e+00
   1.0547516e+01   6.8878806e+00   8.5547989e+00
   1.0530857e+01   6.9126602e+00   8.6210832e+00
   1.0513351e+01   6.9368562e+00   8.6856121e+00
   1.0499080e+01   6.9640978e+00   8.7479927e+00
   1.0485706e+01   6.9937053e+00   8.8116935e+00
   1.0474498e+01   7.0254668e+00   8.8740266e+00
   1.0459952e+01   7.0554103e+00   8.9361526e+00
   1.0449865e+01   7.0757918e+00   8.9782952e+00
   1.0444616e+01   7.0858852e+00   8.9993302e+00
