   1.5766899e+01   1.0194313e+01   7.1369380e+00
   1.5779061e+01   1.0210081e+01   7.1283991e+00
   1.5803384e+01   1.0241618e+01   7.1113208e+00
   1.5838486e+01   1.0286740e+01   7.0836003e+00
   1.5871645e+01   1.0328632e+01   7.0520569e+00
   1.5902966e+01   1.0367201e+01   7.0156248e+00
   1.5932977e+01   1.0402992e+01   6.9739473e+00
   1.5962370e+01   1.0436886e+01   6.9273651e+00
   1.5991668e+01   1.0469689e+01   6.8769952e+00
   1.6020892e+01   1.0501573e+01   6.8244373e+00
   1.6049643e+01   1.0532015e+01   6.7708732e+00
   1.6077583e+01   1.0560436e+01   6.7165143e+00
   1.6104571e+01   1.0586602e+01   6.6611478e+00
   1.6130429e+01   1.0610401e+01   6.6047199e+00
   1.6154865e+01   1.0631641e+01   6.5471768e+00
   1.6177718e+01   1.0650307e+01   6.4882159e+00
   1.6195254e+01   1.0663774e+01   6.4383737e+00
   1.6205228e+01   1.0671165e+01   6.4081765e+00
   1.6208334e+01   1.0673445e+01   6.3985922e+00
   1.6211958e+01   1.0676104e+01   6.3874105e+00
   1.6222141e+01   1.0683487e+01   6.3552745e+00
   1.6238142e+01   1.0694769e+01   6.3016149e+00
   1.6255547e+01   1.0706604e+01   6.2377432e+00
   1.6271355e+01   1.0716868e+01   6.1735859e+00
   1.6285504e+01   1.0725509e+01   6.1095626e+00
   1.6297567e+01   1.0732055e+01   6.0458468e+00
   1.6307160e+01   1.0735950e+01   5.9817202e+00
   1.6314526e+01   1.0737235e+01   5.9164382e+00
   1.6320071e+01   1.0736210e+01   5.8499369e+00
   1.6324190e+01   1.0733209e+01   5.7824330e+00
   1.6327267e+01   1.0728598e+01   5.7143979e+00
   1.6329381e+01   1.0722490e+01   5.6465592e+00
   1.6330316e+01   1.0714704e+01   5.5793421e+00
   1.6329849e+01   1.0705063e+01   5.5128379e+00
   1.6327841e+01   1.0693802e+01   5.4490598e+00
   1.6325299e+01   1.0685057e+01   5.4081115e+00
   1.6323731e+01   1.0680481e+01   5.3886967e+00
   1.6323601e+01   1.0680099e+01   5.3870788e+00
   1.6321738e+01   1.0674723e+01   5.3644516e+00
   1.6317219e+01   1.0663342e+01   5.3214457e+00
   1.6308062e+01   1.0643838e+01   5.2604197e+00
   1.6296574e+01   1.0621391e+01   5.1999230e+00
   1.6283253e+01   1.0596454e+01   5.1397536e+00
   1.6268651e+01   1.0569678e+01   5.0802792e+00
   1.6252765e+01   1.0541354e+01   5.0223469e+00
   1.6235109e+01   1.0511188e+01   4.9661885e+00
   1.6215610e+01   1.0478989e+01   4.9114260e+00
   1.6194511e+01   1.0444922e+01   4.8580059e+00
   1.6172050e+01   1.0409297e+01   4.8062901e+00
   1.6148227e+01   1.0372258e+01   4.7567649e+00
   1.6122799e+01   1.0333615e+01   4.7095828e+00
   1.6095704e+01   1.0293195e+01   4.6644764e+00
   1.6067179e+01   1.0251123e+01   4.6212769e+00
   1.6043601e+01   1.0216591e+01   4.5885677e+00
   1.6029612e+01   1.0196179e+01   4.5703273e+00
   1.6025704e+01   1.0190482e+01   4.5653227e+00
   1.6019452e+01   1.0181368e+01   4.5573153e+00
   1.6002897e+01   1.0157268e+01   4.5367135e+00
   1.5975554e+01   1.0117587e+01   4.5053224e+00
   1.5943355e+01   1.0071052e+01   4.4725864e+00
   1.5910161e+01   1.0023197e+01   4.4432125e+00
   1.5875982e+01   9.9738689e+00   4.4170246e+00
   1.5840876e+01   9.9231055e+00   4.3938283e+00
   1.5804985e+01   9.8711346e+00   4.3733446e+00
   1.5768530e+01   9.8184608e+00   4.3555136e+00
   1.5731506e+01   9.7655294e+00   4.3405645e+00
   1.5693800e+01   9.7125651e+00   4.3286495e+00
   1.5655364e+01   9.6597313e+00   4.3198908e+00
   1.5616154e+01   9.6070664e+00   4.3143922e+00
   1.5576104e+01   9.5543962e+00   4.3121003e+00
   1.5535279e+01   9.5014945e+00   4.3127052e+00
   1.5496188e+01   9.4511485e+00   4.3156302e+00
   1.5470932e+01   9.4186344e+00   4.3188674e+00
   1.5459416e+01   9.4038051e+00   4.3206578e+00
   1.5457322e+01   9.4011089e+00   4.3209833e+00
   1.5441634e+01   9.3809052e+00   4.3235008e+00
   1.5412580e+01   9.3434721e+00   4.3292803e+00
   1.5372704e+01   9.2921117e+00   4.3403902e+00
   1.5333215e+01   9.2411961e+00   4.3548021e+00
   1.5294006e+01   9.1903674e+00   4.3722802e+00
   1.5255233e+01   9.1397473e+00   4.3923755e+00
   1.5217063e+01   9.0898141e+00   4.4149288e+00
   1.5179469e+01   9.0408827e+00   4.4400531e+00
   1.5142365e+01   8.9930460e+00   4.4678024e+00
   1.5105645e+01   8.9462572e+00   4.4982266e+00
   1.5069375e+01   8.9003960e+00   4.5310401e+00
   1.5033797e+01   8.8556141e+00   4.5659796e+00
   1.4999230e+01   8.8120717e+00   4.6027605e+00
   1.4965994e+01   8.7700761e+00   4.6412279e+00
   1.4934203e+01   8.7300159e+00   4.6813814e+00
   1.4910525e+01   8.7009371e+00   4.7142051e+00
   1.4897295e+01   8.6849842e+00   4.7335914e+00
   1.4894194e+01   8.6812604e+00   4.7381936e+00
   1.4887215e+01   8.6728820e+00   4.7485487e+00
   1.4870297e+01   8.6527713e+00   4.7743657e+00
   1.4844027e+01   8.6223045e+00   4.8171040e+00
   1.4815908e+01   8.5911963e+00   4.8665190e+00
   1.4788923e+01   8.5634037e+00   4.9180466e+00
   1.4762920e+01   8.5385813e+00   4.9721388e+00
   1.4737966e+01   8.5159194e+00   5.0286666e+00
   1.4714387e+01   8.4949609e+00   5.0870531e+00
   1.4692479e+01   8.4756509e+00   5.1467789e+00
   1.4672379e+01   8.4581802e+00   5.2075841e+00
   1.4654094e+01   8.4427556e+00   5.2694580e+00
   1.4637580e+01   8.4293652e+00   5.3324541e+00
   1.4622803e+01   8.4178348e+00   5.3965759e+00
   1.4609782e+01   8.4078866e+00   5.4615494e+00
   1.4598557e+01   8.3996386e+00   5.5268721e+00
   1.4589811e+01   8.3940275e+00   5.5871487e+00
   1.4585043e+01   8.3919007e+00   5.6256507e+00
   1.4583107e+01   8.3912730e+00   5.6424108e+00
   1.4582526e+01   8.3910846e+00   5.6474388e+00
   1.4579492e+01   8.3902228e+00   5.6742646e+00
   1.4574600e+01   8.3900681e+00   5.7230099e+00
   1.4569114e+01   8.3928020e+00   5.7889492e+00
   1.4564514e+01   8.3982287e+00   5.8550129e+00
   1.4560641e+01   8.4062457e+00   5.9208800e+00
   1.4557433e+01   8.4167919e+00   5.9862559e+00
   1.4554906e+01   8.4301946e+00   6.0511567e+00
   1.4553124e+01   8.4461582e+00   6.1156115e+00
   1.4552118e+01   8.4644206e+00   6.1790714e+00
   1.4551878e+01   8.4848116e+00   6.2414725e+00
   1.4552366e+01   8.5067026e+00   6.3033471e+00
   1.4553522e+01   8.5293207e+00   6.3651942e+00
   1.4555283e+01   8.5530389e+00   6.4266618e+00
   1.4557601e+01   8.5788733e+00   6.4873043e+00
   1.4560499e+01   8.6072372e+00   6.5470007e+00
   1.4563137e+01   8.6302196e+00   6.5902960e+00
   1.4564778e+01   8.6436010e+00   6.6137256e+00
   1.4565093e+01   8.6461349e+00   6.6181031e+00
   1.4566141e+01   8.6545812e+00   6.6326948e+00
   1.4568726e+01   8.6746433e+00   6.6658586e+00
   1.4573485e+01   8.7083994e+00   6.7165050e+00
   1.4579685e+01   8.7475704e+00   6.7702109e+00
   1.4587070e+01   8.7887264e+00   6.8228915e+00
   1.4595679e+01   8.8313297e+00   6.8742582e+00
   1.4605461e+01   8.8752433e+00   6.9238555e+00
   1.4616327e+01   8.9206977e+00   6.9714153e+00
   1.4628215e+01   8.9679152e+00   7.0169573e+00
   1.4641080e+01   9.0168708e+00   7.0605559e+00
   1.4654838e+01   9.0674296e+00   7.1021883e+00
   1.4669421e+01   9.1194460e+00   7.1418212e+00
   1.4684844e+01   9.1729238e+00   7.1795555e+00
   1.4701213e+01   9.2278187e+00   7.2158348e+00
   1.4718603e+01   9.2836927e+00   7.2511408e+00
   1.4735020e+01   9.3342054e+00   7.2819123e+00
   1.4745631e+01   9.3660079e+00   7.3005052e+00
   1.4750002e+01   9.3790266e+00   7.3079446e+00
   1.4751945e+01   9.3848127e+00   7.3112510e+00
   1.4760226e+01   9.4094107e+00   7.3251631e+00
   1.4774976e+01   9.4528728e+00   7.3485480e+00
   1.4794202e+01   9.5099717e+00   7.3760147e+00
   1.4813549e+01   9.5683848e+00   7.4005382e+00
   1.4833208e+01   9.6282715e+00   7.4225733e+00
   1.4853156e+01   9.6889904e+00   7.4422995e+00
   1.4873170e+01   9.7498975e+00   7.4592725e+00
   1.4893164e+01   9.8110898e+00   7.4729581e+00
   1.4913295e+01   9.8731023e+00   7.4833295e+00
   1.4933814e+01   9.9361703e+00   7.4908695e+00
   1.4954833e+01   9.9999006e+00   7.4961017e+00
   1.4976266e+01   1.0063666e+01   7.4991597e+00
   1.4997958e+01   1.0127208e+01   7.4998078e+00
   1.5019851e+01   1.0190568e+01   7.4979046e+00
   1.5041975e+01   1.0253713e+01   7.4934349e+00
   1.5058109e+01   1.0298926e+01   7.4883839e+00
   1.5066859e+01   1.0323128e+01   7.4851650e+00
   1.5068027e+01   1.0326354e+01   7.4847269e+00
   1.5074454e+01   1.0344099e+01   7.4823173e+00
   1.5088593e+01   1.0382780e+01   7.4764721e+00
   1.5110671e+01   1.0442027e+01   7.4657451e+00
   1.5133787e+01   1.0503338e+01   7.4523670e+00
   1.5156378e+01   1.0563235e+01   7.4362974e+00
   1.5178464e+01   1.0622138e+01   7.4169824e+00
   1.5200357e+01   1.0680533e+01   7.3945283e+00
   1.5222182e+01   1.0738158e+01   7.3695190e+00
   1.5243682e+01   1.0794218e+01   7.3421753e+00
   1.5264598e+01   1.0848407e+01   7.3119857e+00
   1.5285027e+01   1.0901181e+01   7.2785203e+00
   1.5305183e+01   1.0952905e+01   7.2420538e+00
   1.5325104e+01   1.1003411e+01   7.2031010e+00
   1.5344803e+01   1.1052529e+01   7.1618887e+00
   1.5364368e+01   1.1100248e+01   7.1186652e+00
   1.5381220e+01   1.1140465e+01   7.0794977e+00
   1.5391411e+01   1.1164531e+01   7.0545694e+00
   1.5395259e+01   1.1173591e+01   7.0449582e+00
   1.5397664e+01   1.1179254e+01   7.0389512e+00
   1.5406271e+01   1.1199490e+01   7.0171646e+00
   1.5420771e+01   1.1233433e+01   6.9786006e+00
   1.5438576e+01   1.1274823e+01   6.9281973e+00
   1.5456073e+01   1.1314983e+01   6.8764162e+00
   1.5472991e+01   1.1353425e+01   6.8237837e+00
   1.5488864e+01   1.1389609e+01   6.7701643e+00
   1.5503487e+01   1.1423453e+01   6.7150487e+00
   1.5516913e+01   1.1455158e+01   6.6581192e+00
   1.5529327e+01   1.1484928e+01   6.5994748e+00
   1.5540888e+01   1.1512740e+01   6.5395293e+00
   1.5551589e+01   1.1538385e+01   6.4785865e+00
   1.5561414e+01   1.1561839e+01   6.4164457e+00
   1.5570645e+01   1.1583480e+01   6.3528731e+00
   1.5579628e+01   1.1603705e+01   6.2881315e+00
   1.5588425e+01   1.1622605e+01   6.2226879e+00
   1.5594292e+01   1.1634720e+01   6.1771527e+00
   1.5597215e+01   1.1640688e+01   6.1535474e+00
   1.5597423e+01   1.1641113e+01   6.1518613e+00
   1.5599921e+01   1.1646209e+01   6.1316286e+00
   1.5604934e+01   1.1656335e+01   6.0894885e+00
   1.5611606e+01   1.1669836e+01   6.0255719e+00
   1.5617171e+01   1.1681400e+01   5.9598054e+00
   1.5621435e+01   1.1690674e+01   5.8936345e+00
   1.5624417e+01   1.1697658e+01   5.8270602e+00
   1.5626154e+01   1.1702395e+01   5.7601477e+00
   1.5626656e+01   1.1704944e+01   5.6930234e+00
   1.5625918e+01   1.1705345e+01   5.6259660e+00
   1.5623806e+01   1.1703485e+01   5.5593026e+00
   1.5620118e+01   1.1699177e+01   5.4931254e+00
   1.5614703e+01   1.1692316e+01   5.4272347e+00
   1.5607577e+01   1.1683022e+01   5.3613808e+00
   1.5598891e+01   1.1671585e+01   5.2956081e+00
   1.5588791e+01   1.1658242e+01   5.2302222e+00
   1.5579250e+01   1.1645498e+01   5.1755881e+00
   1.5573161e+01   1.1637114e+01   5.1430008e+00
   1.5571008e+01   1.1634097e+01   5.1316702e+00
   1.5569163e+01   1.1631510e+01   5.1219582e+00
   1.5563271e+01   1.1623127e+01   5.0913781e+00
   1.5553259e+01   1.1607951e+01   5.0409189e+00
   1.5541616e+01   1.1587370e+01   4.9811207e+00
   1.5530235e+01   1.1564303e+01   4.9224755e+00
   1.5517803e+01   1.1538667e+01   4.8644206e+00
   1.5503657e+01   1.1510768e+01   4.8067047e+00
   1.5487736e+01   1.1481240e+01   4.7496665e+00
   1.5469961e+01   1.1450359e+01   4.6943040e+00
   1.5450147e+01   1.1418039e+01   4.6414121e+00
   1.5427905e+01   1.1383663e+01   4.5910056e+00
   1.5403269e+01   1.1346919e+01   4.5421224e+00
   1.5376808e+01   1.1308204e+01   4.4941516e+00
   1.5348998e+01   1.1267898e+01   4.4470730e+00
   1.5320367e+01   1.1226485e+01   4.4010443e+00
   1.5291236e+01   1.1184248e+01   4.3567304e+00
   1.5271422e+01   1.1155376e+01   4.3285887e+00
   1.5261388e+01   1.1140702e+01   4.3148400e+00
   1.5251353e+01   1.1126029e+01   4.3010914e+00
   1.5231029e+01   1.1096207e+01   4.2742386e+00
   1.5199723e+01   1.1049946e+01   4.2354873e+00
   1.5167762e+01   1.1002413e+01   4.1978865e+00
   1.5135391e+01   1.0953994e+01   4.1613109e+00
   1.5102956e+01   1.0905285e+01   4.1260026e+00
   1.5070621e+01   1.0856724e+01   4.0929841e+00
   1.5038061e+01   1.0807946e+01   4.0631870e+00
   1.5004856e+01   1.0758190e+01   4.0367094e+00
   1.4970948e+01   1.0707169e+01   4.0131054e+00
   1.4936313e+01   1.0654785e+01   3.9919231e+00
   1.4901299e+01   1.0601428e+01   3.9723317e+00
   1.4866358e+01   1.0547618e+01   3.9544047e+00
   1.4831460e+01   1.0493095e+01   3.9384011e+00
   1.4796603e+01   1.0437627e+01   3.9240742e+00
   1.4768074e+01   1.0391395e+01   3.9138178e+00
   1.4751188e+01   1.0363703e+01   3.9084067e+00
   1.4745860e+01   1.0354936e+01   3.9067694e+00
   1.4739644e+01   1.0344709e+01   3.9048592e+00
   1.4721901e+01   1.0315403e+01   3.8996796e+00
   1.4692686e+01   1.0266704e+01   3.8925249e+00
   1.4658248e+01   1.0208838e+01   3.8862105e+00
   1.4623908e+01   1.0150923e+01   3.8822527e+00
   1.4589550e+01   1.0093017e+01   3.8807559e+00
   1.4555126e+01   1.0035313e+01   3.8817189e+00
   1.4520598e+01   9.9780849e+00   3.8852687e+00
   1.4485909e+01   9.9214965e+00   3.8915367e+00
   1.4450975e+01   9.8655725e+00   3.9006459e+00
   1.4415864e+01   9.8104596e+00   3.9125160e+00
   1.4380534e+01   9.7563455e+00   3.9273191e+00
   1.4344637e+01   9.7028166e+00   3.9451440e+00
   1.4308097e+01   9.6493812e+00   3.9654335e+00
   1.4271312e+01   9.5962935e+00   3.9875203e+00
   1.4235600e+01   9.5454621e+00   4.0106047e+00
   1.4212279e+01   9.5128637e+00   4.0268653e+00
   1.4201114e+01   9.4974417e+00   4.0349620e+00
   1.4200184e+01   9.4961565e+00   4.0356367e+00
   1.4187161e+01   9.4781861e+00   4.0451112e+00
   1.4162121e+01   9.4441269e+00   4.0641583e+00
   1.4125965e+01   9.3965175e+00   4.0939568e+00
   1.4089795e+01   9.3505705e+00   4.1259925e+00
   1.4053600e+01   9.3063973e+00   4.1603543e+00
   1.4017118e+01   9.2636404e+00   4.1972407e+00
   1.3980114e+01   9.2216310e+00   4.2363551e+00
   1.3942750e+01   9.1801814e+00   4.2768804e+00
   1.3905454e+01   9.1397662e+00   4.3181363e+00
   1.3868521e+01   9.1010776e+00   4.3600681e+00
   1.3832062e+01   9.0646205e+00   4.4029720e+00
   1.3796164e+01   9.0307502e+00   4.4472315e+00
   1.3760833e+01   8.9995924e+00   4.4933357e+00
   1.3725964e+01   8.9709398e+00   4.5416061e+00
   1.3691581e+01   8.9445194e+00   4.5919755e+00
   1.3664644e+01   8.9251477e+00   4.6336241e+00
   1.3649112e+01   8.9144225e+00   4.6584356e+00
   1.3644805e+01   8.9114793e+00   4.6653725e+00
   1.3637914e+01   8.9067701e+00   4.6764716e+00
   1.3619877e+01   8.8946501e+00   4.7059080e+00
   1.3590871e+01   8.8758541e+00   4.7546811e+00
   1.3558057e+01   8.8552965e+00   4.8116305e+00
   1.3525998e+01   8.8358679e+00   4.8691546e+00
   1.3494929e+01   8.8178390e+00   4.9271880e+00
   1.3464916e+01   8.8013638e+00   4.9859431e+00
   1.3435931e+01   8.7864174e+00   5.0455859e+00
   1.3407938e+01   8.7729599e+00   5.1061379e+00
   1.3380841e+01   8.7609237e+00   5.1676552e+00
   1.3354561e+01   8.7501119e+00   5.2299949e+00
   1.3329133e+01   8.7405121e+00   5.2929615e+00
   1.3304518e+01   8.7320827e+00   5.3565760e+00
   1.3280707e+01   8.7247102e+00   5.4206635e+00
   1.3257834e+01   8.7185676e+00   5.4849661e+00
   1.3237130e+01   8.7141303e+00   5.5460982e+00
   1.3224328e+01   8.7122133e+00   5.5858584e+00
   1.3218589e+01   8.7115495e+00   5.6041095e+00
   1.3217546e+01   8.7114288e+00   5.6074279e+00
   1.3209751e+01   8.7105767e+00   5.6323226e+00
   1.3195644e+01   8.7097396e+00   5.6788919e+00
   1.3176986e+01   8.7105086e+00   5.7439232e+00
   1.3159225e+01   8.7133331e+00   5.8091349e+00
   1.3142183e+01   8.7181744e+00   5.8747368e+00
   1.3125683e+01   8.7247006e+00   5.9408839e+00
   1.3109739e+01   8.7325257e+00   6.0072971e+00
   1.3094573e+01   8.7416452e+00   6.0735334e+00
   1.3080374e+01   8.7522660e+00   6.1393201e+00
   1.3067232e+01   8.7646824e+00   6.2045149e+00
   1.3055177e+01   8.7790633e+00   6.2689132e+00
   1.3044216e+01   8.7956437e+00   6.3325536e+00
   1.3034148e+01   8.8142402e+00   6.3958852e+00
   1.3024681e+01   8.8342287e+00   6.4590332e+00
   1.3015740e+01   8.8557069e+00   6.5218942e+00
   1.3009231e+01   8.8736718e+00   6.5701309e+00
   1.3005674e+01   8.8843727e+00   6.5973942e+00
   1.3004845e+01   8.8869192e+00   6.6038041e+00
   1.3002980e+01   8.8926489e+00   6.6182266e+00
   1.2998522e+01   8.9070096e+00   6.6534206e+00
   1.2991916e+01   8.9312190e+00   6.7090677e+00
   1.2985371e+01   8.9598262e+00   6.7707195e+00
   1.2979752e+01   8.9897047e+00   6.8318615e+00
   1.2975109e+01   9.0207802e+00   6.8919214e+00
   1.2971455e+01   9.0535368e+00   6.9506073e+00
   1.2968734e+01   9.0883429e+00   7.0081792e+00
   1.2966906e+01   9.1251643e+00   7.0648703e+00
   1.2965954e+01   9.1638110e+00   7.1207411e+00
   1.2965846e+01   9.2040346e+00   7.1757394e+00
   1.2966597e+01   9.2457398e+00   7.2297815e+00
   1.2968159e+01   9.2888568e+00   7.2829187e+00
   1.2970431e+01   9.3332382e+00   7.3351521e+00
   1.2973280e+01   9.3787196e+00   7.3865036e+00
   1.2976263e+01   9.4213853e+00   7.4331085e+00
   1.2978301e+01   9.4487295e+00   7.4622686e+00
   1.2979218e+01   9.4606187e+00   7.4747765e+00
   1.2979493e+01   9.4641854e+00   7.4785289e+00
   1.2980974e+01   9.4832082e+00   7.4984596e+00
   1.2983807e+01   9.5176665e+00   7.5337180e+00
   1.2988243e+01   9.5649231e+00   7.5788574e+00
   1.2993384e+01   9.6139566e+00   7.6224828e+00
   1.2999037e+01   9.6645823e+00   7.6656508e+00
   1.3005067e+01   9.7161611e+00   7.7084613e+00
   1.3011572e+01   9.7685069e+00   7.7501089e+00
   1.3018752e+01   9.8221471e+00   7.7900669e+00
   1.3026618e+01   9.8773487e+00   7.8284780e+00
   1.3035041e+01   9.9337870e+00   7.8652991e+00
   1.3043944e+01   9.9913398e+00   7.9003649e+00
   1.3053224e+01   1.0049794e+01   7.9337253e+00
   1.3062802e+01   1.0108745e+01   7.9649901e+00
   1.3072744e+01   1.0168313e+01   7.9936515e+00
   1.3083193e+01   1.0229065e+01   8.0197347e+00
   1.3091401e+01   1.0275360e+01   8.0375901e+00
   1.3096068e+01   1.0301211e+01   8.0470445e+00
   1.3096948e+01   1.0306068e+01   8.0488036e+00
   1.3099881e+01   1.0322257e+01   8.0546672e+00
   1.3106747e+01   1.0359746e+01   8.0678053e+00
   1.3117888e+01   1.0419044e+01   8.0872148e+00
   1.3130374e+01   1.0483577e+01   8.1068300e+00
   1.3143245e+01   1.0548015e+01   8.1246883e+00
   1.3156532e+01   1.0612257e+01   8.1403356e+00
   1.3170345e+01   1.0676564e+01   8.1534024e+00
   1.3184842e+01   1.0741515e+01   8.1639379e+00
   1.3200079e+01   1.0807457e+01   8.1724918e+00
   1.3215938e+01   1.0874072e+01   8.1796538e+00
   1.3232202e+01   1.0940484e+01   8.1855720e+00
   1.3248743e+01   1.1005753e+01   8.1897025e+00
   1.3265710e+01   1.1069696e+01   8.1910518e+00
   1.3283461e+01   1.1133154e+01   8.1890053e+00
   1.3302252e+01   1.1197141e+01   8.1838674e+00
   1.3320009e+01   1.1255362e+01   8.1772507e+00
   1.3331543e+01   1.1292274e+01   8.1724085e+00
   1.3336313e+01   1.1307408e+01   8.1703437e+00
   1.3338433e+01   1.1314133e+01   8.1694260e+00
   1.3347486e+01   1.1342746e+01   8.1654556e+00
   1.3363757e+01   1.1393388e+01   8.1580064e+00
   1.3385350e+01   1.1459175e+01   8.1477228e+00
   1.3407238e+01   1.1524542e+01   8.1369039e+00
   1.3429249e+01   1.1589014e+01   8.1253230e+00
   1.3451280e+01   1.1652222e+01   8.1124286e+00
   1.3473382e+01   1.1714170e+01   8.0975742e+00
   1.3495674e+01   1.1775050e+01   8.0804050e+00
   1.3518155e+01   1.1834806e+01   8.0608154e+00
   1.3540853e+01   1.1893459e+01   8.0385487e+00
   1.3563895e+01   1.1951422e+01   8.0135768e+00
   1.3587332e+01   1.2009032e+01   7.9862394e+00
   1.3611087e+01   1.2066315e+01   7.9570595e+00
   1.3634986e+01   1.2123022e+01   7.9264552e+00
   1.3658826e+01   1.2178809e+01   7.8945759e+00
   1.3675810e+01   1.2218060e+01   7.8706626e+00
   1.3684867e+01   1.2238870e+01   7.8574799e+00
   1.3686074e+01   1.2241641e+01   7.8557156e+00
   1.3692712e+01   1.2256883e+01   7.8460118e+00
   1.3707149e+01   1.2289895e+01   7.8244022e+00
   1.3729299e+01   1.2340219e+01   7.7895916e+00
   1.3752587e+01   1.2392784e+01   7.7514570e+00
   1.3775803e+01   1.2444639e+01   7.7123011e+00
   1.3798864e+01   1.2495289e+01   7.6722557e+00
   1.3821672e+01   1.2544362e+01   7.6311472e+00
   1.3844129e+01   1.2591541e+01   7.5887264e+00
   1.3866293e+01   1.2636671e+01   7.5445456e+00
   1.3888372e+01   1.2680067e+01   7.4982109e+00
   1.3910486e+01   1.2722277e+01   7.4497382e+00
   1.3932595e+01   1.2763742e+01   7.3995451e+00
   1.3954570e+01   1.2804676e+01   7.3482380e+00
   1.3976325e+01   1.2845158e+01   7.2962756e+00
   1.3997884e+01   1.2885353e+01   7.2439442e+00
   1.4016491e+01   1.2920118e+01   7.1981527e+00
   1.4027827e+01   1.2941255e+01   7.1697427e+00
   1.4032119e+01   1.2949242e+01   7.1588917e+00
   1.4034801e+01   1.2954234e+01   7.1521098e+00
   1.4044421e+01   1.2972114e+01   7.1276553e+00
   1.4060736e+01   1.3002251e+01   7.0852405e+00
   1.4080753e+01   1.3038703e+01   7.0310791e+00
   1.4100260e+01   1.3073587e+01   6.9758668e+00
   1.4119340e+01   1.3107024e+01   6.9193946e+00
   1.4138135e+01   1.3139333e+01   6.8615863e+00
   1.4156746e+01   1.3170872e+01   6.8027070e+00
   1.4175183e+01   1.3201816e+01   6.7430914e+00
   1.4193477e+01   1.3232378e+01   6.6830565e+00
   1.4211573e+01   1.3262591e+01   6.6231580e+00
   1.4229292e+01   1.3292048e+01   6.5637962e+00
   1.4246410e+01   1.3319933e+01   6.5047221e+00
   1.4262874e+01   1.3345634e+01   6.4450206e+00
   1.4278860e+01   1.3369330e+01   6.3839936e+00
   1.4294558e+01   1.3391488e+01   6.3215277e+00
   1.4305359e+01   1.3406188e+01   6.2775029e+00
   1.4310958e+01   1.3413716e+01   6.2545716e+00
   1.4311358e+01   1.3414253e+01   6.2529331e+00
   1.4316158e+01   1.3420700e+01   6.2332717e+00
   1.4326154e+01   1.3433983e+01   6.1921616e+00
   1.4341246e+01   1.3453537e+01   6.1295768e+00
   1.4356439e+01   1.3472406e+01   6.0653596e+00
   1.4371201e+01   1.3489639e+01   6.0009378e+00
   1.4385538e+01   1.3505145e+01   5.9359002e+00
   1.4399550e+01   1.3519152e+01   5.8700542e+00
   1.4413313e+01   1.3531912e+01   5.8034829e+00
   1.4426889e+01   1.3543639e+01   5.7363481e+00
   1.4440306e+01   1.3554467e+01   5.6688948e+00
   1.4453499e+01   1.3564341e+01   5.6015188e+00
   1.4466284e+01   1.3572900e+01   5.5345454e+00
   1.4478442e+01   1.3579659e+01   5.4680880e+00
   1.4489798e+01   1.3584129e+01   5.4017921e+00
   1.4500415e+01   1.3586303e+01   5.3349272e+00
   1.4508940e+01   1.3586620e+01   5.2776675e+00
   1.4513940e+01   1.3586264e+01   5.2427315e+00
   1.4515673e+01   1.3586082e+01   5.2304816e+00
   1.4517158e+01   1.3585927e+01   5.2199817e+00
   1.4521821e+01   1.3585301e+01   5.1866801e+00
   1.4529492e+01   1.3583647e+01   5.1303840e+00
   1.4538600e+01   1.3580914e+01   5.0618008e+00
   1.4547407e+01   1.3577404e+01   4.9935958e+00
   1.4555729e+01   1.3572661e+01   4.9258268e+00
   1.4563448e+01   1.3566323e+01   4.8582966e+00
   1.4570539e+01   1.3558269e+01   4.7907041e+00
   1.4577051e+01   1.3548690e+01   4.7229324e+00
   1.4582977e+01   1.3537807e+01   4.6552487e+00
   1.4588195e+01   1.3525602e+01   4.5880141e+00
   1.4592569e+01   1.3511857e+01   4.5212630e+00
   1.4596073e+01   1.3496520e+01   4.4549855e+00
   1.4598627e+01   1.3479467e+01   4.3892473e+00
   1.4600183e+01   1.3460668e+01   4.3239927e+00
   1.4600698e+01   1.3440188e+01   4.2593329e+00
   1.4600295e+01   1.3425363e+01   4.2166743e+00
   1.4599910e+01   1.3417656e+01   4.1954473e+00
   1.4599524e+01   1.3409950e+01   4.1742202e+00
   1.4598388e+01   1.3393951e+01   4.1319705e+00
   1.4595644e+01   1.3368210e+01   4.0692594e+00
   1.4591905e+01   1.3340682e+01   4.0070925e+00
   1.4587296e+01   1.3311548e+01   3.9452956e+00
   1.4581895e+01   1.3281049e+01   3.8838784e+00
   1.4575757e+01   1.3249503e+01   3.8230241e+00
   1.4568790e+01   1.3217024e+01   3.7631274e+00
   1.4560795e+01   1.3183370e+01   3.7042013e+00
   1.4551730e+01   1.3148404e+01   3.6458005e+00
   1.4541760e+01   1.3112396e+01   3.5876442e+00
   1.4531024e+01   1.3075649e+01   3.5298581e+00
   1.4519586e+01   1.3038328e+01   3.4726868e+00
   1.4507437e+01   1.3000472e+01   3.4165109e+00
   1.4494449e+01   1.2961865e+01   3.3616460e+00
   1.4483004e+01   1.2929370e+01   3.3177854e+00
   1.4475823e+01   1.2909617e+01   3.2922178e+00
   1.4473517e+01   1.2903333e+01   3.2841858e+00
   1.4470826e+01   1.2896001e+01   3.2748153e+00
   1.4462988e+01   1.2874869e+01   3.2482058e+00
   1.4449342e+01   1.2839119e+01   3.2049585e+00
   1.4432229e+01   1.2795788e+01   3.1547573e+00
   1.4414235e+01   1.2751691e+01   3.1056778e+00
   1.4395300e+01   1.2706746e+01   3.0577697e+00
   1.4375413e+01   1.2660859e+01   3.0105113e+00
   1.4354783e+01   1.2614349e+01   2.9633608e+00
   1.4333627e+01   1.2567616e+01   2.9162064e+00
   1.4311999e+01   1.2520775e+01   2.8692943e+00
   1.4289837e+01   1.2473708e+01   2.8228788e+00
   1.4267108e+01   1.2426331e+01   2.7770637e+00
   1.4243900e+01   1.2378773e+01   2.7320583e+00
   1.4220396e+01   1.2331303e+01   2.6884136e+00
   1.4196686e+01   1.2283992e+01   2.6469550e+00
   1.4173207e+01   1.2237649e+01   2.6090760e+00
   1.4157275e+01   1.2206575e+01   2.5853422e+00
   1.4149494e+01   1.2191502e+01   2.5740447e+00
   1.4148846e+01   1.2190246e+01   2.5731033e+00
   1.4139756e+01   1.2172645e+01   2.5599321e+00
   1.4121875e+01   1.2138280e+01   2.5347403e+00
   1.4095159e+01   1.2087655e+01   2.4987234e+00
   1.4067603e+01   1.2036061e+01   2.4634343e+00
   1.4039176e+01   1.1983391e+01   2.4288280e+00
   1.4010038e+01   1.1929863e+01   2.3945839e+00
   1.3980478e+01   1.1875910e+01   2.3605430e+00
   1.3950752e+01   1.1821945e+01   2.3267109e+00
   1.3920980e+01   1.1768198e+01   2.2933469e+00
   1.3891109e+01   1.1714624e+01   2.2608479e+00
   1.3861031e+01   1.1661046e+01   2.2294418e+00
   1.3830660e+01   1.1607237e+01   2.1990544e+00
   1.3799975e+01   1.1553026e+01   2.1692712e+00
   1.3769066e+01   1.1498442e+01   2.1397556e+00
   1.3738065e+01   1.1443647e+01   2.1107827e+00
   1.3713402e+01   1.1399993e+01   2.0885457e+00
   1.3699051e+01   1.1374552e+01   2.0760311e+00
   1.3695061e+01   1.1367476e+01   2.0725846e+00
   1.3688678e+01   1.1356155e+01   2.0670702e+00
   1.3671904e+01   1.1326381e+01   2.0527948e+00
   1.3644644e+01   1.1277872e+01   2.0304907e+00
   1.3613303e+01   1.1221877e+01   2.0060812e+00
   1.3581913e+01   1.1165564e+01   1.9831238e+00
   1.3550437e+01   1.1108905e+01   1.9617623e+00
   1.3518820e+01   1.1051864e+01   1.9419810e+00
   1.3487084e+01   1.0994500e+01   1.9235984e+00
   1.3455290e+01   1.0936892e+01   1.9067046e+00
   1.3423436e+01   1.0878941e+01   1.8915161e+00
   1.3391557e+01   1.0820604e+01   1.8780173e+00
   1.3359769e+01   1.0762085e+01   1.8661856e+00
   1.3327967e+01   1.0703289e+01   1.8563155e+00
   1.3295825e+01   1.0643750e+01   1.8483776e+00
   1.3263269e+01   1.0583361e+01   1.8419011e+00
   1.3232211e+01   1.0525615e+01   1.8368387e+00
   1.3212084e+01   1.0488083e+01   1.8341875e+00
   1.3202871e+01   1.0470878e+01   1.8331136e+00
   1.3201196e+01   1.0467750e+01   1.8329183e+00
   1.3188634e+01   1.0444287e+01   1.8314890e+00
   1.3165230e+01   1.0400485e+01   1.8293166e+00
   1.3132750e+01   1.0339478e+01   1.8275518e+00
   1.3100373e+01   1.0278379e+01   1.8270875e+00
   1.3068156e+01   1.0217173e+01   1.8278162e+00
   1.3036281e+01   1.0156101e+01   1.8297703e+00
   1.3004853e+01   1.0095335e+01   1.8332314e+00
   1.2973751e+01   1.0034700e+01   1.8384932e+00
   1.2942728e+01   9.9738350e+00   1.8455380e+00
   1.2911634e+01   9.9125915e+00   1.8540325e+00
   1.2880499e+01   9.8511544e+00   1.8636314e+00
   1.2849438e+01   9.7898561e+00   1.8741825e+00
   1.2818547e+01   9.7290129e+00   1.8857546e+00
   1.2787812e+01   9.6687681e+00   1.8985612e+00
   1.2757162e+01   9.6091314e+00   1.9127220e+00
   1.2733625e+01   9.5637246e+00   1.9246918e+00
   1.2720315e+01   9.5382091e+00   1.9318768e+00
   1.2717184e+01   9.5322181e+00   1.9335915e+00
   1.2710141e+01   9.5187384e+00   1.9374496e+00
   1.2692944e+01   9.4859449e+00   1.9471796e+00
   1.2665667e+01   9.4344674e+00   1.9640281e+00
   1.2635220e+01   9.3778848e+00   1.9849159e+00
   1.2604490e+01   9.3217602e+00   2.0079880e+00
   1.2573323e+01   9.2657933e+00   2.0329065e+00
   1.2541751e+01   9.2099360e+00   2.0592044e+00
   1.2509896e+01   9.1542800e+00   2.0864903e+00
   1.2477902e+01   9.0989882e+00   2.1145420e+00
   1.2445892e+01   9.0442399e+00   2.1433052e+00
   1.2413949e+01   8.9901891e+00   2.1728545e+00
   1.2382151e+01   8.9369828e+00   2.2033086e+00
   1.2350525e+01   8.8846678e+00   2.2348870e+00
   1.2318952e+01   8.8330271e+00   2.2677477e+00
   1.2287288e+01   8.7817988e+00   2.3017167e+00
   1.2257997e+01   8.7350141e+00   2.3337261e+00
   1.2239297e+01   8.7056160e+00   2.3545298e+00
   1.2231169e+01   8.6929395e+00   2.3636567e+00
   1.2228730e+01   8.6891366e+00   2.3663948e+00
   1.2215726e+01   8.6689048e+00   2.3810371e+00
   1.2192164e+01   8.6327404e+00   2.4079767e+00
   1.2160494e+01   8.5852168e+00   2.4453893e+00
   1.2128738e+01   8.5385038e+00   2.4843590e+00
   1.2096734e+01   8.4920665e+00   2.5248179e+00
   1.2064466e+01   8.4456383e+00   2.5662673e+00
   1.2032036e+01   8.3992816e+00   2.6081720e+00
   1.1999581e+01   8.3532461e+00   2.6502251e+00
   1.1967178e+01   8.3078171e+00   2.6924494e+00
   1.1934744e+01   8.2630507e+00   2.7351295e+00
   1.1902161e+01   8.2187661e+00   2.7783845e+00
   1.1869504e+01   8.1749541e+00   2.8220832e+00
   1.1836975e+01   8.1318651e+00   2.8661329e+00
   1.1804692e+01   8.0897630e+00   2.9107134e+00
   1.1772611e+01   8.0486992e+00   2.9560857e+00
   1.1748871e+01   8.0189171e+00   2.9904573e+00
   1.1735827e+01   8.0027565e+00   3.0096030e+00
   1.1733384e+01   7.9997360e+00   3.0131991e+00
   1.1725238e+01   7.9896676e+00   3.0251862e+00
   1.1706554e+01   7.9667561e+00   3.0529173e+00
   1.1677522e+01   7.9318053e+00   3.0968685e+00
   1.1646233e+01   7.8948458e+00   3.1451534e+00
   1.1614954e+01   7.8585008e+00   3.1941075e+00
   1.1583568e+01   7.8227027e+00   3.2440072e+00
   1.1552020e+01   7.7873142e+00   3.2948591e+00
   1.1520444e+01   7.7523626e+00   3.3464207e+00
   1.1489034e+01   7.7179633e+00   3.3984796e+00
   1.1457986e+01   7.6842635e+00   3.4509172e+00
   1.1427404e+01   7.6513625e+00   3.5038330e+00
   1.1397236e+01   7.6191239e+00   3.5573894e+00
   1.1367488e+01   7.5874523e+00   3.6114136e+00
   1.1338347e+01   7.5567490e+00   3.6656733e+00
   1.1309922e+01   7.5275565e+00   3.7203899e+00
   1.1284906e+01   7.5026498e+00   3.7702050e+00
   1.1269351e+01   7.4873537e+00   3.8017360e+00
   1.1263008e+01   7.4811034e+00   3.8146278e+00
   1.1260189e+01   7.4783255e+00   3.8203575e+00
   1.1248226e+01   7.4665255e+00   3.8447025e+00
   1.1227221e+01   7.4455994e+00   3.8874954e+00
   1.1199833e+01   7.4171146e+00   3.9422066e+00
   1.1172038e+01   7.3867678e+00   3.9961302e+00
   1.1143740e+01   7.3548076e+00   4.0499303e+00
   1.1115210e+01   7.3221378e+00   4.1040723e+00
   1.1086835e+01   7.2896990e+00   4.1586005e+00
   1.1058914e+01   7.2582699e+00   4.2134671e+00
   1.1031643e+01   7.2284737e+00   4.2686719e+00
   1.1005143e+01   7.2007651e+00   4.3244027e+00
   1.0979383e+01   7.1752426e+00   4.3812061e+00
   1.0954203e+01   7.1515128e+00   4.4394380e+00
   1.0929490e+01   7.1291909e+00   4.4991072e+00
   1.0905055e+01   7.1078504e+00   4.5601465e+00
   1.0880710e+01   7.0869940e+00   4.6222376e+00
   1.0863273e+01   7.0721422e+00   4.6671977e+00
   1.0853968e+01   7.0642052e+00   4.6913007e+00
   1.0852729e+01   7.0631474e+00   4.6945146e+00
   1.0845909e+01   7.0573296e+00   4.7121911e+00
   1.0831082e+01   7.0446681e+00   4.7507698e+00
   1.0808562e+01   7.0254278e+00   4.8101253e+00
   1.0785454e+01   7.0058714e+00   4.8725835e+00
   1.0763147e+01   6.9873930e+00   4.9351215e+00
   1.0741759e+01   6.9702096e+00   4.9979309e+00
   1.0721391e+01   6.9543929e+00   5.0611457e+00
   1.0702058e+01   6.9398634e+00   5.1249149e+00
   1.0683634e+01   6.9263361e+00   5.1893123e+00
   1.0665981e+01   6.9134938e+00   5.2542588e+00
   1.0649065e+01   6.9012374e+00   5.3198782e+00
   1.0632686e+01   6.8892630e+00   5.3861961e+00
   1.0616640e+01   6.8772488e+00   5.4529200e+00
   1.0600811e+01   6.8650398e+00   5.5198306e+00
   1.0585262e+01   6.8527785e+00   5.5868924e+00
   1.0572062e+01   6.8422388e+00   5.6453301e+00
   1.0564184e+01   6.8359660e+00   5.6813343e+00
   1.0561228e+01   6.8336233e+00   5.6950442e+00
   1.0559380e+01   6.8321591e+00   5.7036129e+00
   1.0552793e+01   6.8269540e+00   5.7344519e+00
   1.0541870e+01   6.8184667e+00   5.7875500e+00
   1.0528766e+01   6.8086468e+00   5.8546706e+00
   1.0516086e+01   6.7995136e+00   5.9222486e+00
   1.0503704e+01   6.7909510e+00   5.9902899e+00
   1.0491500e+01   6.7827619e+00   6.0586041e+00
   1.0479436e+01   6.7747809e+00   6.1269319e+00
   1.0467379e+01   6.7667257e+00   6.1950978e+00
   1.0455235e+01   6.7584401e+00   6.2629123e+00
   1.0443125e+01   6.7501197e+00   6.3302251e+00
   1.0431372e+01   6.7422934e+00   6.3971723e+00
   1.0420211e+01   6.7354331e+00   6.4642357e+00
   1.0409403e+01   6.7293903e+00   6.5318120e+00
   1.0398421e+01   6.7235868e+00   6.5998325e+00
   1.0386941e+01   6.7176507e+00   6.6679348e+00
   1.0378661e+01   6.7134714e+00   6.7148230e+00
   1.0374332e+01   6.7113622e+00   6.7390135e+00
   1.0374023e+01   6.7112119e+00   6.7407408e+00
   1.0370310e+01   6.7094083e+00   6.7614684e+00
   1.0362532e+01   6.7057567e+00   6.8044710e+00
   1.0350997e+01   6.7011996e+00   6.8695243e+00
   1.0339677e+01   6.6981057e+00   6.9365303e+00
   1.0328708e+01   6.6966414e+00   7.0041187e+00
   1.0317760e+01   6.6965513e+00   7.0722791e+00
   1.0306517e+01   6.6974933e+00   7.1407751e+00
   1.0294806e+01   6.6992549e+00   7.2093330e+00
   1.0282622e+01   6.7018382e+00   7.2778153e+00
   1.0269975e+01   6.7052717e+00   7.3461594e+00
   1.0256878e+01   6.7095754e+00   7.4141950e+00
   1.0243418e+01   6.7148817e+00   7.4816021e+00
   1.0229847e+01   6.7215473e+00   7.5480652e+00
   1.0216583e+01   6.7300404e+00   7.6133668e+00
   1.0204239e+01   6.7409710e+00   7.6776753e+00
   1.0194927e+01   6.7525470e+00   7.7317781e+00
   1.0189849e+01   6.7605723e+00   7.7645975e+00
   1.0188141e+01   6.7634955e+00   7.7760851e+00
   1.0186677e+01   6.7660011e+00   7.7859315e+00
   1.0182203e+01   6.7742016e+00   7.8171135e+00
   1.0175528e+01   6.7893330e+00   7.8696076e+00
   1.0168955e+01   6.8098162e+00   7.9334935e+00
   1.0163916e+01   6.8321006e+00   7.9976086e+00
   1.0160163e+01   6.8557808e+00   8.0620042e+00
   1.0157489e+01   6.8805655e+00   8.1265074e+00
   1.0155563e+01   6.9062157e+00   8.1910676e+00
   1.0153869e+01   6.9323590e+00   8.2555285e+00
   1.0151828e+01   6.9585761e+00   8.3197049e+00
   1.0148793e+01   6.9844620e+00   8.3836396e+00
   1.0144349e+01   7.0096511e+00   8.4472449e+00
   1.0138095e+01   7.0335108e+00   8.5100205e+00
   1.0129384e+01   7.0551070e+00   8.5714476e+00
   1.0117540e+01   7.0736630e+00   8.6316041e+00
   1.0102561e+01   7.0891197e+00   8.6910648e+00
   1.0091131e+01   7.0979593e+00   8.7307183e+00
   1.0085417e+01   7.1023800e+00   8.7505440e+00
