   1.5345924e+01   9.9569522e+00   6.8076226e+00
   1.5353826e+01   9.9770376e+00   6.8021772e+00
   1.5369660e+01   1.0017236e+01   6.7912861e+00
   1.5391205e+01   1.0075267e+01   6.7730482e+00
   1.5409975e+01   1.0130234e+01   6.7510349e+00
   1.5426282e+01   1.0182138e+01   6.7237245e+00
   1.5441224e+01   1.0231617e+01   6.6908616e+00
   1.5455113e+01   1.0278901e+01   6.6528477e+00
   1.5467855e+01   1.0323849e+01   6.6105668e+00
   1.5479334e+01   1.0365550e+01   6.5651542e+00
   1.5489582e+01   1.0403065e+01   6.5167766e+00
   1.5498755e+01   1.0435779e+01   6.4652501e+00
   1.5507100e+01   1.0464093e+01   6.4102834e+00
   1.5515132e+01   1.0488341e+01   6.3520171e+00
   1.5523234e+01   1.0508601e+01   6.2918700e+00
   1.5529000e+01   1.0519994e+01   6.2505967e+00
   1.5531839e+01   1.0525119e+01   6.2302612e+00
   1.5531993e+01   1.0525396e+01   6.2291620e+00
   1.5535141e+01   1.0531050e+01   6.2066136e+00
   1.5541353e+01   1.0541081e+01   6.1620527e+00
   1.5550051e+01   1.0553023e+01   6.0959642e+00
   1.5557824e+01   1.0562089e+01   6.0294249e+00
   1.5564445e+01   1.0568546e+01   5.9630561e+00
   1.5569052e+01   1.0572139e+01   5.8974200e+00
   1.5571014e+01   1.0572458e+01   5.8326036e+00
   1.5570185e+01   1.0569080e+01   5.7681582e+00
   1.5566692e+01   1.0561944e+01   5.7035365e+00
   1.5560808e+01   1.0551403e+01   5.6386576e+00
   1.5552824e+01   1.0538025e+01   5.5739639e+00
   1.5542804e+01   1.0522077e+01   5.5104993e+00
   1.5530663e+01   1.0503454e+01   5.4490740e+00
   1.5516807e+01   1.0482483e+01   5.3919089e+00
   1.5506384e+01   1.0466499e+01   5.3555383e+00
   1.5501248e+01   1.0458453e+01   5.3384969e+00
   1.5500662e+01   1.0457534e+01   5.3365493e+00
   1.5494323e+01   1.0447581e+01   5.3156352e+00
   1.5481675e+01   1.0427206e+01   5.2761901e+00
   1.5462781e+01   1.0394681e+01   5.2210573e+00
   1.5443321e+01   1.0358869e+01   5.1675172e+00
   1.5423036e+01   1.0319812e+01   5.1156991e+00
   1.5401644e+01   1.0278029e+01   5.0655782e+00
   1.5379200e+01   1.0234159e+01   5.0179210e+00
   1.5355459e+01   1.0188493e+01   4.9733585e+00
   1.5330626e+01   1.0141629e+01   4.9322019e+00
   1.5305969e+01   1.0093840e+01   4.8953237e+00
   1.5282883e+01   1.0044549e+01   4.8634693e+00
   1.5261827e+01   9.9926976e+00   4.8366486e+00
   1.5241503e+01   9.9383869e+00   4.8141420e+00
   1.5221122e+01   9.8853872e+00   4.7961501e+00
   1.5206434e+01   9.8508514e+00   4.7862366e+00
   1.5199465e+01   9.8350886e+00   4.7820864e+00
   1.5198198e+01   9.8322227e+00   4.7813318e+00
   1.5188635e+01   9.8107444e+00   4.7757700e+00
   1.5170005e+01   9.7709435e+00   4.7667689e+00
   1.5142622e+01   9.7167450e+00   4.7582525e+00
   1.5113527e+01   9.6642045e+00   4.7535679e+00
   1.5081066e+01   9.6137858e+00   4.7510088e+00
   1.5045469e+01   9.5652107e+00   4.7501751e+00
   1.5007992e+01   9.5173199e+00   4.7516254e+00
   1.4970843e+01   9.4680010e+00   4.7570062e+00
   1.4934366e+01   9.4158463e+00   4.7669647e+00
   1.4897844e+01   9.3609838e+00   4.7806477e+00
   1.4860373e+01   9.3053821e+00   4.7963327e+00
   1.4821197e+01   9.2512670e+00   4.8130532e+00
   1.4779946e+01   9.1994952e+00   4.8305336e+00
   1.4740239e+01   9.1539179e+00   4.8475710e+00
   1.4714456e+01   9.1267075e+00   4.8594019e+00
   1.4703041e+01   9.1150817e+00   4.8649055e+00
   1.4700095e+01   9.1120815e+00   4.8663258e+00
   1.4682791e+01   9.0946214e+00   4.8747734e+00
   1.4651208e+01   9.0644809e+00   4.8914395e+00
   1.4608972e+01   9.0268404e+00   4.9183924e+00
   1.4567824e+01   8.9913640e+00   4.9505034e+00
   1.4527934e+01   8.9566302e+00   4.9877456e+00
   1.4489577e+01   8.9220758e+00   5.0296254e+00
   1.4452786e+01   8.8875129e+00   5.0753855e+00
   1.4417549e+01   8.8532074e+00   5.1241022e+00
   1.4383868e+01   8.8198870e+00   5.1748828e+00
   1.4351607e+01   8.7885392e+00   5.2272808e+00
   1.4320459e+01   8.7599149e+00   5.2811842e+00
   1.4290150e+01   8.7344994e+00   5.3364470e+00
   1.4260638e+01   8.7127693e+00   5.3927968e+00
   1.4234557e+01   8.6966789e+00   5.4452203e+00
   1.4218615e+01   8.6886805e+00   5.4792768e+00
   1.4211940e+01   8.6856401e+00   5.4939859e+00
   1.4209639e+01   8.6845917e+00   5.4990580e+00
   1.4198432e+01   8.6796705e+00   5.5240191e+00
   1.4178952e+01   8.6726725e+00   5.5698849e+00
   1.4154402e+01   8.6664782e+00   5.6331147e+00
   1.4131368e+01   8.6627533e+00   5.6980760e+00
   1.4109918e+01   8.6612768e+00   5.7640228e+00
   1.4089897e+01   8.6623058e+00   5.8301673e+00
   1.4071199e+01   8.6663577e+00   5.8960134e+00
   1.4053873e+01   8.6738026e+00   5.9615547e+00
   1.4037998e+01   8.6847151e+00   6.0270211e+00
   1.4023647e+01   8.6988720e+00   6.0924334e+00
   1.4010965e+01   8.7161655e+00   6.1579483e+00
   1.3999660e+01   8.7363513e+00   6.2241054e+00
   1.3989020e+01   8.7586950e+00   6.2908988e+00
   1.3979757e+01   8.7801519e+00   6.3506802e+00
   1.3974093e+01   8.7942653e+00   6.3876844e+00
   1.3971830e+01   8.8001694e+00   6.4026882e+00
   1.3970824e+01   8.8027935e+00   6.4093565e+00
   1.3966594e+01   8.8140553e+00   6.4375843e+00
   1.3959549e+01   8.8348225e+00   6.4864447e+00
   1.3951633e+01   8.8642611e+00   6.5481496e+00
   1.3945165e+01   8.8963321e+00   6.6082147e+00
   1.3940551e+01   8.9308830e+00   6.6664975e+00
   1.3938283e+01   8.9679028e+00   6.7228871e+00
   1.3938485e+01   9.0075710e+00   6.7774918e+00
   1.3940870e+01   9.0499659e+00   6.8304706e+00
   1.3945154e+01   9.0950201e+00   6.8819745e+00
   1.3951052e+01   9.1425373e+00   6.9324068e+00
   1.3958188e+01   9.1918050e+00   6.9819940e+00
   1.3966748e+01   9.2421623e+00   7.0304069e+00
   1.3976982e+01   9.2936571e+00   7.0775682e+00
   1.3987180e+01   9.3399880e+00   7.1180501e+00
   1.3994019e+01   9.3692195e+00   7.1425625e+00
   1.3996770e+01   9.3806996e+00   7.1520387e+00
   1.3998310e+01   9.3871285e+00   7.1573454e+00
   1.4004234e+01   9.4115393e+00   7.1773174e+00
   1.4015145e+01   9.4543663e+00   7.2112087e+00
   1.4030463e+01   9.5097923e+00   7.2531001e+00
   1.4046829e+01   9.5660512e+00   7.2940525e+00
   1.4063763e+01   9.6226551e+00   7.3335123e+00
   1.4081139e+01   9.6793588e+00   7.3706092e+00
   1.4098872e+01   9.7362593e+00   7.4044984e+00
   1.4116841e+01   9.7936754e+00   7.4345075e+00
   1.4135097e+01   9.8520869e+00   7.4602642e+00
   1.4153756e+01   9.9115872e+00   7.4817759e+00
   1.4173315e+01   9.9722257e+00   7.4989540e+00
   1.4194166e+01   1.0034173e+01   7.5120166e+00
   1.4216054e+01   1.0097532e+01   7.5215312e+00
   1.4234983e+01   1.0153153e+01   7.5269889e+00
   1.4246235e+01   1.0187562e+01   7.5290377e+00
   1.4250343e+01   1.0200351e+01   7.5296211e+00
   1.4253201e+01   1.0209249e+01   7.5300270e+00
   1.4262915e+01   1.0239875e+01   7.5311285e+00
   1.4278770e+01   1.0292395e+01   7.5313031e+00
   1.4297793e+01   1.0357844e+01   7.5285240e+00
   1.4317573e+01   1.0422909e+01   7.5232118e+00
   1.4339364e+01   1.0486908e+01   7.5158914e+00
   1.4363615e+01   1.0549498e+01   7.5066075e+00
   1.4389853e+01   1.0610979e+01   7.4948705e+00
   1.4416898e+01   1.0672001e+01   7.4803092e+00
   1.4443777e+01   1.0732685e+01   7.4628330e+00
   1.4470170e+01   1.0792550e+01   7.4423536e+00
   1.4496073e+01   1.0851231e+01   7.4187352e+00
   1.4521435e+01   1.0908587e+01   7.3920432e+00
   1.4546245e+01   1.0964323e+01   7.3623277e+00
   1.4567186e+01   1.1009967e+01   7.3343432e+00
   1.4580074e+01   1.1037074e+01   7.3160641e+00
   1.4584609e+01   1.1046494e+01   7.3095210e+00
   1.4588496e+01   1.1054569e+01   7.3039126e+00
   1.4600863e+01   1.1079986e+01   7.2858145e+00
   1.4622002e+01   1.1121988e+01   7.2537008e+00
   1.4647850e+01   1.1171400e+01   7.2122892e+00
   1.4673297e+01   1.1218867e+01   7.1685504e+00
   1.4697958e+01   1.1264643e+01   7.1224962e+00
   1.4721435e+01   1.1308887e+01   7.0745885e+00
   1.4743621e+01   1.1351275e+01   7.0254611e+00
   1.4764957e+01   1.1391430e+01   6.9753674e+00
   1.4785838e+01   1.1429492e+01   6.9244747e+00
   1.4806409e+01   1.1465113e+01   6.8717179e+00
   1.4826317e+01   1.1498672e+01   6.8163513e+00
   1.4845066e+01   1.1530372e+01   6.7583907e+00
   1.4862431e+01   1.1560160e+01   6.6982941e+00
   1.4875704e+01   1.1583111e+01   6.6470187e+00
   1.4883186e+01   1.1596024e+01   6.6158523e+00
   1.4885592e+01   1.1600165e+01   6.6055873e+00
   1.4888124e+01   1.1604525e+01   6.5947820e+00
   1.4895446e+01   1.1617097e+01   6.5627254e+00
   1.4906937e+01   1.1636548e+01   6.5085755e+00
   1.4919973e+01   1.1657955e+01   6.4425504e+00
   1.4932431e+01   1.1677698e+01   6.3762042e+00
   1.4943875e+01   1.1694906e+01   6.3101574e+00
   1.4953781e+01   1.1709024e+01   6.2439359e+00
   1.4961850e+01   1.1720000e+01   6.1769913e+00
   1.4967991e+01   1.1728009e+01   6.1091752e+00
   1.4972141e+01   1.1733324e+01   6.0403921e+00
   1.4974355e+01   1.1736583e+01   5.9705565e+00
   1.4974846e+01   1.1738383e+01   5.9001483e+00
   1.4973921e+01   1.1738548e+01   5.8299442e+00
   1.4972005e+01   1.1736377e+01   5.7600595e+00
   1.4969968e+01   1.1732494e+01   5.7034330e+00
   1.4968628e+01   1.1729287e+01   5.6701807e+00
   1.4968207e+01   1.1728227e+01   5.6600992e+00
   1.4967663e+01   1.1726855e+01   5.6470526e+00
   1.4966091e+01   1.1722651e+01   5.6109382e+00
   1.4963209e+01   1.1713896e+01   5.5520406e+00
   1.4959054e+01   1.1701096e+01   5.4834795e+00
   1.4953642e+01   1.1686163e+01   5.4154175e+00
   1.4946668e+01   1.1669125e+01   5.3478445e+00
   1.4938193e+01   1.1650176e+01   5.2804655e+00
   1.4928529e+01   1.1629692e+01   5.2133627e+00
   1.4917984e+01   1.1607975e+01   5.1467688e+00
   1.4906806e+01   1.1585415e+01   5.0809866e+00
   1.4894915e+01   1.1561639e+01   5.0165990e+00
   1.4881938e+01   1.1535977e+01   4.9539813e+00
   1.4867707e+01   1.1507764e+01   4.8930364e+00
   1.4852701e+01   1.1476727e+01   4.8334308e+00
   1.4840593e+01   1.1449806e+01   4.7870041e+00
   1.4833478e+01   1.1433415e+01   4.7604691e+00
   1.4831488e+01   1.1428807e+01   4.7531342e+00
   1.4828305e+01   1.1421433e+01   4.7413984e+00
   1.4819860e+01   1.1401707e+01   4.7108335e+00
   1.4805505e+01   1.1368350e+01   4.6625287e+00
   1.4787426e+01   1.1328194e+01   4.6087626e+00
   1.4767576e+01   1.1286422e+01   4.5565149e+00
   1.4746042e+01   1.1243352e+01   4.5060153e+00
   1.4722856e+01   1.1199152e+01   4.4574584e+00
   1.4697887e+01   1.1153931e+01   4.4107703e+00
   1.4671122e+01   1.1107987e+01   4.3657600e+00
   1.4642761e+01   1.1061311e+01   4.3225963e+00
   1.4613058e+01   1.1013466e+01   4.2814352e+00
   1.4582453e+01   1.0964300e+01   4.2422786e+00
   1.4551364e+01   1.0913829e+01   4.2053914e+00
   1.4519969e+01   1.0862001e+01   4.1709480e+00
   1.4495351e+01   1.0820667e+01   4.1461019e+00
   1.4481158e+01   1.0796640e+01   4.1326491e+00
   1.4477601e+01   1.0790609e+01   4.1293305e+00
   1.4470486e+01   1.0778546e+01   4.1226934e+00
   1.4452607e+01   1.0748143e+01   4.1065476e+00
   1.4423523e+01   1.0698568e+01   4.0823517e+00
   1.4390394e+01   1.0642024e+01   4.0572802e+00
   1.4357395e+01   1.0585076e+01   4.0347897e+00
   1.4324799e+01   1.0527397e+01   4.0153889e+00
   1.4292742e+01   1.0468666e+01   3.9990288e+00
   1.4261457e+01   1.0408780e+01   3.9857379e+00
   1.4230930e+01   1.0347788e+01   3.9754028e+00
   1.4200732e+01   1.0285991e+01   3.9678733e+00
   1.4170120e+01   1.0224195e+01   3.9628260e+00
   1.4138494e+01   1.0163636e+01   3.9601519e+00
   1.4105574e+01   1.0105116e+01   3.9604406e+00
   1.4071175e+01   1.0048071e+01   3.9645446e+00
   1.4044043e+01   1.0004653e+01   3.9706341e+00
   1.4028625e+01   9.9799458e+00   3.9748861e+00
   1.4025226e+01   9.9744958e+00   3.9758580e+00
   1.4016573e+01   9.9606230e+00   3.9783320e+00
   1.3995761e+01   9.9272046e+00   3.9848177e+00
   1.3962645e+01   9.8736215e+00   3.9966641e+00
   1.3925806e+01   9.8144054e+00   4.0109981e+00
   1.3888648e+01   9.7562145e+00   4.0261592e+00
   1.3851204e+01   9.6996343e+00   4.0428267e+00
   1.3813622e+01   9.6444057e+00   4.0618403e+00
   1.3776219e+01   9.5902210e+00   4.0836047e+00
   1.3738930e+01   9.5367576e+00   4.1083526e+00
   1.3701459e+01   9.4836725e+00   4.1356478e+00
   1.3664054e+01   9.4314618e+00   4.1647466e+00
   1.3627032e+01   9.3808893e+00   4.1958319e+00
   1.3590101e+01   9.3318398e+00   4.2294340e+00
   1.3552894e+01   9.2837926e+00   4.2655347e+00
   1.3525070e+01   9.2486515e+00   4.2938348e+00
   1.3509750e+01   9.2295226e+00   4.3098071e+00
   1.3506880e+01   9.2259463e+00   4.3128138e+00
   1.3497312e+01   9.2140254e+00   4.3228361e+00
   1.3475353e+01   9.1868728e+00   4.3461911e+00
   1.3441388e+01   9.1457202e+00   4.3836206e+00
   1.3405286e+01   9.1034902e+00   4.4256128e+00
   1.3369608e+01   9.0636731e+00   4.4697032e+00
   1.3333960e+01   9.0260716e+00   4.5160209e+00
   1.3298303e+01   8.9906915e+00   4.5642300e+00
   1.3262977e+01   8.9577388e+00   4.6141445e+00
   1.3228253e+01   8.9271688e+00   4.6661009e+00
   1.3194146e+01   8.8984965e+00   4.7202997e+00
   1.3160507e+01   8.8711870e+00   4.7766646e+00
   1.3126894e+01   8.8447748e+00   4.8345076e+00
   1.3093051e+01   8.8192726e+00   4.8926892e+00
   1.3059010e+01   8.7950362e+00   4.9502472e+00
   1.3034519e+01   8.7788903e+00   4.9913865e+00
   1.3021559e+01   8.7708576e+00   5.0136369e+00
   1.3019594e+01   8.7696519e+00   5.0170240e+00
   1.3010612e+01   8.7641403e+00   5.0325080e+00
   1.2991022e+01   8.7526851e+00   5.0669196e+00
   1.2962196e+01   8.7378608e+00   5.1215363e+00
   1.2932987e+01   8.7250589e+00   5.1821615e+00
   1.2904473e+01   8.7145377e+00   5.2453952e+00
   1.2875846e+01   8.7054519e+00   5.3103850e+00
   1.2846905e+01   8.6972678e+00   5.3759127e+00
   1.2817818e+01   8.6897385e+00   5.4410874e+00
   1.2788991e+01   8.6831379e+00   5.5057423e+00
   1.2760784e+01   8.6779522e+00   5.5699777e+00
   1.2733565e+01   8.6749597e+00   5.6337941e+00
   1.2707554e+01   8.6749411e+00   5.6975134e+00
   1.2682971e+01   8.6781063e+00   5.7613801e+00
   1.2660179e+01   8.6844864e+00   5.8257910e+00
   1.2645171e+01   8.6910525e+00   5.8722211e+00
   1.2637441e+01   8.6950410e+00   5.8970566e+00
   1.2636566e+01   8.6955006e+00   5.8998816e+00
   1.2630612e+01   8.6986260e+00   5.9190911e+00
   1.2618100e+01   8.7059697e+00   5.9606045e+00
   1.2599361e+01   8.7189326e+00   6.0248412e+00
   1.2580130e+01   8.7341350e+00   6.0921335e+00
   1.2561194e+01   8.7508251e+00   6.1593777e+00
   1.2542532e+01   8.7688809e+00   6.2263640e+00
   1.2524234e+01   8.7881238e+00   6.2927806e+00
   1.2506909e+01   8.8087028e+00   6.3581043e+00
   1.2491179e+01   8.8312408e+00   6.4222836e+00
   1.2477108e+01   8.8562896e+00   6.4857953e+00
   1.2464447e+01   8.8838650e+00   6.5488719e+00
   1.2453102e+01   8.9137732e+00   6.6112434e+00
   1.2443229e+01   8.9457656e+00   6.6723420e+00
   1.2435486e+01   8.9795850e+00   6.7309837e+00
   1.2432405e+01   9.0046108e+00   6.7691076e+00
   1.2431565e+01   9.0181919e+00   6.7881683e+00
   1.2431509e+01   9.0191650e+00   6.7895263e+00
   1.2430836e+01   9.0308432e+00   6.8058215e+00
   1.2430580e+01   9.0561034e+00   6.8387070e+00
   1.2433346e+01   9.0976384e+00   6.8860632e+00
   1.2437305e+01   9.1422029e+00   6.9333211e+00
   1.2439358e+01   9.1855856e+00   6.9808843e+00
   1.2437600e+01   9.2253003e+00   7.0306667e+00
   1.2431919e+01   9.2608786e+00   7.0844155e+00
   1.2423401e+01   9.2936749e+00   7.1423172e+00
   1.2413986e+01   9.3257419e+00   7.2021817e+00
   1.2405557e+01   9.3589791e+00   7.2608048e+00
   1.2399253e+01   9.3951478e+00   7.3164043e+00
   1.2395405e+01   9.4353799e+00   7.3689146e+00
   1.2394015e+01   9.4796646e+00   7.4189864e+00
   1.2395070e+01   9.5276332e+00   7.4675031e+00
   1.2397062e+01   9.5619596e+00   7.4999734e+00
   1.2398296e+01   9.5796168e+00   7.5163955e+00
   1.2398327e+01   9.5800584e+00   7.5168061e+00
   1.2399504e+01   9.5968393e+00   7.5324067e+00
   1.2402301e+01   9.6313429e+00   7.5639804e+00
   1.2407629e+01   9.6841402e+00   7.6109416e+00
   1.2414142e+01   9.7381103e+00   7.6572435e+00
   1.2421756e+01   9.7928581e+00   7.7021884e+00
   1.2430451e+01   9.8484653e+00   7.7455707e+00
   1.2440205e+01   9.9049755e+00   7.7872749e+00
   1.2450966e+01   9.9623342e+00   7.8271429e+00
   1.2462766e+01   1.0020561e+01   7.8649861e+00
   1.2475772e+01   1.0079651e+01   7.9008361e+00
   1.2490168e+01   1.0139264e+01   7.9346281e+00
   1.2506195e+01   1.0199503e+01   7.9661069e+00
   1.2523852e+01   1.0260871e+01   7.9955583e+00
   1.2542525e+01   1.0322851e+01   8.0231569e+00
   1.2555352e+01   1.0364377e+01   8.0403741e+00
   1.2561761e+01   1.0384907e+01   8.0485315e+00
   1.2561930e+01   1.0385447e+01   8.0487462e+00
   1.2568679e+01   1.0407059e+01   8.0573235e+00
   1.2582181e+01   1.0449821e+01   8.0735167e+00
   1.2602693e+01   1.0513459e+01   8.0950157e+00
   1.2623841e+01   1.0577765e+01   8.1139682e+00
   1.2645694e+01   1.0642798e+01   8.1307049e+00
   1.2668231e+01   1.0708101e+01   8.1453055e+00
   1.2691516e+01   1.0773412e+01   8.1575805e+00
   1.2715630e+01   1.0838794e+01   8.1674504e+00
   1.2740567e+01   1.0904426e+01   8.1749763e+00
   1.2766283e+01   1.0970374e+01   8.1804206e+00
   1.2792825e+01   1.1036489e+01   8.1841067e+00
   1.2820212e+01   1.1102661e+01   8.1863586e+00
   1.2848293e+01   1.1168875e+01   8.1875294e+00
   1.2875968e+01   1.1233179e+01   8.1878501e+00
   1.2894162e+01   1.1275027e+01   8.1872491e+00
   1.2902874e+01   1.1294965e+01   8.1866724e+00
   1.2903600e+01   1.1296626e+01   8.1866244e+00
   1.2913761e+01   1.1319873e+01   8.1859237e+00
   1.2933299e+01   1.1364304e+01   8.1837938e+00
   1.2961356e+01   1.1427367e+01   8.1779169e+00
   1.2989329e+01   1.1489472e+01   8.1687408e+00
   1.3017468e+01   1.1550957e+01   8.1560270e+00
   1.3045874e+01   1.1612205e+01   8.1399991e+00
   1.3074354e+01   1.1673307e+01   8.1211050e+00
   1.3102688e+01   1.1734098e+01   8.0997718e+00
   1.3130927e+01   1.1794219e+01   8.0763339e+00
   1.3159330e+01   1.1853094e+01   8.0509815e+00
   1.3188369e+01   1.1910618e+01   8.0233151e+00
   1.3218212e+01   1.1967302e+01   7.9934102e+00
   1.3248520e+01   1.2023043e+01   7.9616779e+00
   1.3277512e+01   1.2074947e+01   7.9297913e+00
   1.3296140e+01   1.2107519e+01   7.9079501e+00
   1.3304746e+01   1.2122409e+01   7.8974689e+00
   1.3306011e+01   1.2124599e+01   7.8959275e+00
   1.3317134e+01   1.2143814e+01   7.8823050e+00
   1.3337886e+01   1.2179170e+01   7.8555964e+00
   1.3366654e+01   1.2227370e+01   7.8150044e+00
   1.3395005e+01   1.2274433e+01   7.7716482e+00
   1.3423041e+01   1.2320821e+01   7.7258044e+00
   1.3450750e+01   1.2366893e+01   7.6782145e+00
   1.3478001e+01   1.2412307e+01   7.6294587e+00
   1.3504812e+01   1.2456826e+01   7.5796004e+00
   1.3531259e+01   1.2500512e+01   7.5285950e+00
   1.3557395e+01   1.2543575e+01   7.4764616e+00
   1.3583213e+01   1.2586284e+01   7.4234173e+00
   1.3608619e+01   1.2628665e+01   7.3697891e+00
   1.3633510e+01   1.2670534e+01   7.3158340e+00
   1.3656394e+01   1.2709172e+01   7.2647994e+00
   1.3670922e+01   1.2733727e+01   7.2315611e+00
   1.3677428e+01   1.2744735e+01   7.2165125e+00
   1.3678852e+01   1.2747142e+01   7.2132206e+00
   1.3688193e+01   1.2762948e+01   7.1915668e+00
   1.3705303e+01   1.2791943e+01   7.1512887e+00
   1.3728506e+01   1.2831394e+01   7.0951193e+00
   1.3751333e+01   1.2870506e+01   7.0383155e+00
   1.3773707e+01   1.2909128e+01   6.9810226e+00
   1.3795584e+01   1.2946913e+01   6.9232947e+00
   1.3816886e+01   1.2983306e+01   6.8652674e+00
   1.3837537e+01   1.3017613e+01   6.8067254e+00
   1.3857692e+01   1.3049759e+01   6.7469492e+00
   1.3877629e+01   1.3080532e+01   6.6855555e+00
   1.3897374e+01   1.3111019e+01   6.6231507e+00
   1.3916752e+01   1.3142045e+01   6.5607696e+00
   1.3935616e+01   1.3174008e+01   6.4989200e+00
   1.3952444e+01   1.3203916e+01   6.4422039e+00
   1.3962787e+01   1.3222578e+01   6.4060497e+00
   1.3967207e+01   1.3230521e+01   6.3902956e+00
   1.3968533e+01   1.3232904e+01   6.3855694e+00
   1.3975568e+01   1.3245530e+01   6.3603460e+00
   1.3987965e+01   1.3267503e+01   6.3143968e+00
   1.4003959e+01   1.3294794e+01   6.2515678e+00
   1.4019291e+01   1.3319675e+01   6.1876626e+00
   1.4034025e+01   1.3342147e+01   6.1225641e+00
   1.4048271e+01   1.3362510e+01   6.0561268e+00
   1.4062079e+01   1.3381191e+01   5.9885598e+00
   1.4075372e+01   1.3398316e+01   5.9204045e+00
   1.4087948e+01   1.3413625e+01   5.8522247e+00
   1.4099548e+01   1.3426574e+01   5.7841545e+00
   1.4110056e+01   1.3436848e+01   5.7156496e+00
   1.4119630e+01   1.3444766e+01   5.6459097e+00
   1.4128558e+01   1.3451188e+01   5.5747454e+00
   1.4136233e+01   1.3456342e+01   5.5094683e+00
   1.4140886e+01   1.3459419e+01   5.4682074e+00
   1.4142790e+01   1.3460658e+01   5.4510162e+00
   1.4143538e+01   1.3461144e+01   5.4442625e+00
   1.4146908e+01   1.3463323e+01   5.4136005e+00
   1.4152661e+01   1.3466899e+01   5.3594350e+00
   1.4159497e+01   1.3469993e+01   5.2892925e+00
   1.4165486e+01   1.3470554e+01   5.2197443e+00
   1.4170597e+01   1.3468240e+01   5.1502424e+00
   1.4174779e+01   1.3463144e+01   5.0805009e+00
   1.4177979e+01   1.3455573e+01   5.0103362e+00
   1.4180212e+01   1.3446045e+01   4.9396232e+00
   1.4181583e+01   1.3435121e+01   4.8687469e+00
   1.4182110e+01   1.3422838e+01   4.7984982e+00
   1.4181698e+01   1.3408766e+01   4.7293794e+00
   1.4180233e+01   1.3392367e+01   4.6614660e+00
   1.4177643e+01   1.3373226e+01   4.5944063e+00
   1.4174370e+01   1.3353789e+01   4.5349760e+00
   1.4171878e+01   1.3340640e+01   4.4977364e+00
   1.4170815e+01   1.3335252e+01   4.4828236e+00
   1.4170284e+01   1.3332558e+01   4.4753671e+00
   1.4168094e+01   1.3321652e+01   4.4455244e+00
   1.4163827e+01   1.3301775e+01   4.3931742e+00
   1.4157629e+01   1.3275244e+01   4.3256094e+00
   1.4150840e+01   1.3248232e+01   4.2579816e+00
   1.4143507e+01   1.3220921e+01   4.1906982e+00
   1.4135618e+01   1.3193216e+01   4.1242323e+00
   1.4127111e+01   1.3164771e+01   4.0590987e+00
   1.4117843e+01   1.3134981e+01   3.9954778e+00
   1.4107705e+01   1.3103426e+01   3.9329492e+00
   1.4096738e+01   1.3070195e+01   3.8710836e+00
   1.4084982e+01   1.3035413e+01   3.8094330e+00
   1.4072603e+01   1.2999603e+01   3.7476263e+00
   1.4059729e+01   1.2963169e+01   3.6857933e+00
   1.4048165e+01   1.2931153e+01   3.6319701e+00
   1.4040884e+01   1.2911332e+01   3.5989608e+00
   1.4038090e+01   1.2903763e+01   3.5864445e+00
   1.4036343e+01   1.2899033e+01   3.5786219e+00
   1.4030025e+01   1.2881979e+01   3.5505429e+00
   1.4018950e+01   1.2852397e+01   3.5028313e+00
   1.4004541e+01   1.2814251e+01   3.4443443e+00
   1.3989484e+01   1.2774583e+01   3.3872818e+00
   1.3973728e+01   1.2733194e+01   3.3311749e+00
   1.3957358e+01   1.2690335e+01   3.2757504e+00
   1.3940527e+01   1.2646434e+01   3.2211399e+00
   1.3923292e+01   1.2601626e+01   3.1676907e+00
   1.3905578e+01   1.2555696e+01   3.1154479e+00
   1.3887367e+01   1.2508574e+01   3.0641828e+00
   1.3868725e+01   1.2460394e+01   3.0138431e+00
   1.3849729e+01   1.2411356e+01   2.9644136e+00
   1.3830488e+01   1.2361771e+01   2.9160705e+00
   1.3813798e+01   1.2318885e+01   2.8756934e+00
   1.3803481e+01   1.2292473e+01   2.8513366e+00
   1.3799739e+01   1.2282911e+01   2.8425854e+00
   1.3796848e+01   1.2275522e+01   2.8358232e+00
   1.3787285e+01   1.2251112e+01   2.8136128e+00
   1.3770817e+01   1.2209276e+01   2.7762798e+00
   1.3750106e+01   1.2157075e+01   2.7308262e+00
   1.3729106e+01   1.2104627e+01   2.6860689e+00
   1.3707856e+01   1.2052035e+01   2.6425809e+00
   1.3686186e+01   1.1998785e+01   2.6006112e+00
   1.3664126e+01   1.1944719e+01   2.5599828e+00
   1.3641879e+01   1.1889895e+01   2.5209362e+00
   1.3619506e+01   1.1834002e+01   2.4837549e+00
   1.3597122e+01   1.1776924e+01   2.4484047e+00
   1.3575015e+01   1.1719007e+01   2.4151427e+00
   1.3553116e+01   1.1660235e+01   2.3845115e+00
   1.3530854e+01   1.1600302e+01   2.3565196e+00
   1.3511449e+01   1.1549090e+01   2.3350038e+00
   1.3499348e+01   1.1517840e+01   2.3227612e+00
   1.3495204e+01   1.1507204e+01   2.3186834e+00
   1.3491267e+01   1.1497099e+01   2.3148095e+00
   1.3479132e+01   1.1466135e+01   2.3031828e+00
   1.3458313e+01   1.1413815e+01   2.2846275e+00
   1.3432799e+01   1.1350320e+01   2.2635734e+00
   1.3407075e+01   1.1286605e+01   2.2442058e+00
   1.3381004e+01   1.1222277e+01   2.2265811e+00
   1.3354558e+01   1.1157197e+01   2.2102779e+00
   1.3328010e+01   1.1091906e+01   2.1950982e+00
   1.3301512e+01   1.1026887e+01   2.1814198e+00
   1.3274757e+01   1.0961792e+01   2.1694547e+00
   1.3247448e+01   1.0896290e+01   2.1586356e+00
   1.3219721e+01   1.0830677e+01   2.1485836e+00
   1.3191831e+01   1.0765235e+01   2.1395893e+00
   1.3163870e+01   1.0699980e+01   2.1318900e+00
   1.3140851e+01   1.0646543e+01   2.1268940e+00
   1.3127093e+01   1.0614742e+01   2.1245625e+00
   1.3122737e+01   1.0604692e+01   2.1238846e+00
   1.3117656e+01   1.0592966e+01   2.1230937e+00
   1.3103096e+01   1.0559434e+01   2.1210611e+00
   1.3078840e+01   1.0503943e+01   2.1186718e+00
   1.3049874e+01   1.0438427e+01   2.1173298e+00
   1.3020646e+01   1.0372944e+01   2.1176360e+00
   1.2991031e+01   1.0307132e+01   2.1194715e+00
   1.2960962e+01   1.0240920e+01   2.1222716e+00
   1.2930637e+01   1.0174797e+01   2.1256269e+00
   1.2900389e+01   1.0109389e+01   2.1297131e+00
   1.2870464e+01   1.0045053e+01   2.1352707e+00
   1.2840843e+01   9.9817679e+00   2.1430710e+00
   1.2811327e+01   9.9191753e+00   2.1536304e+00
   1.2781610e+01   9.8565897e+00   2.1669509e+00
   1.2751412e+01   9.7936121e+00   2.1822686e+00
   1.2726730e+01   9.7428959e+00   2.1954993e+00
   1.2712126e+01   9.7132644e+00   2.2034526e+00
   1.2707865e+01   9.7046495e+00   2.2057847e+00
   1.2701740e+01   9.6922654e+00   2.2091371e+00
   1.2685158e+01   9.6589108e+00   2.2182767e+00
   1.2657878e+01   9.6047508e+00   2.2336333e+00
   1.2625976e+01   9.5423515e+00   2.2522569e+00
   1.2593903e+01   9.4804675e+00   2.2718123e+00
   1.2561825e+01   9.4192704e+00   2.2924405e+00
   1.2529984e+01   9.3589593e+00   2.3143293e+00
   1.2498593e+01   9.2996096e+00   2.3378845e+00
   1.2467694e+01   9.2412069e+00   2.3633844e+00
   1.2437218e+01   9.1837346e+00   2.3910686e+00
   1.2406899e+01   9.1269256e+00   2.4209977e+00
   1.2376480e+01   9.0705424e+00   2.4527788e+00
   1.2345838e+01   9.0144844e+00   2.4858917e+00
   1.2314812e+01   8.9586392e+00   2.5197575e+00
   1.2290131e+01   8.9150469e+00   2.5467498e+00
   1.2275866e+01   8.8901765e+00   2.5624610e+00
   1.2272097e+01   8.8836254e+00   2.5666259e+00
   1.2265365e+01   8.8719270e+00   2.5740633e+00
   1.2248120e+01   8.8421294e+00   2.5932238e+00
   1.2220421e+01   8.7948827e+00   2.6247720e+00
   1.2189173e+01   8.7421663e+00   2.6618901e+00
   1.2158287e+01   8.6903810e+00   2.7004567e+00
   1.2127736e+01   8.6393934e+00   2.7404878e+00
   1.2097451e+01   8.5891355e+00   2.7818199e+00
   1.2067278e+01   8.5394374e+00   2.8243613e+00
   1.2036918e+01   8.4900749e+00   2.8677432e+00
   1.2006331e+01   8.4411246e+00   2.9117078e+00
   1.1975657e+01   8.3927999e+00   2.9562837e+00
   1.1944999e+01   8.3452315e+00   3.0015760e+00
   1.1914350e+01   8.2983618e+00   3.0476938e+00
   1.1883645e+01   8.2521457e+00   3.0944615e+00
   1.1860101e+01   8.2173022e+00   3.1307990e+00
   1.1846863e+01   8.1979020e+00   3.1515868e+00
   1.1843754e+01   8.1933570e+00   3.1564904e+00
   1.1836760e+01   8.1831307e+00   3.1675234e+00
   1.1819744e+01   8.1583774e+00   3.1946453e+00
   1.1793074e+01   8.1200188e+00   3.2385400e+00
   1.1763973e+01   8.0787329e+00   3.2886717e+00
   1.1735480e+01   8.0388252e+00   3.3402960e+00
   1.1707389e+01   7.9999890e+00   3.3935355e+00
   1.1679450e+01   7.9619589e+00   3.4481203e+00
   1.1651642e+01   7.9247674e+00   3.5035739e+00
   1.1624134e+01   7.8886029e+00   3.5597227e+00
   1.1596977e+01   7.8534593e+00   3.6167203e+00
   1.1570037e+01   7.8191542e+00   3.6745979e+00
   1.1543159e+01   7.7855295e+00   3.7331182e+00
   1.1516298e+01   7.7525492e+00   3.7918294e+00
   1.1489622e+01   7.7204229e+00   3.8504819e+00
   1.1469859e+01   7.6970972e+00   3.8947048e+00
   1.1458997e+01   7.6844506e+00   3.9194779e+00
   1.1456786e+01   7.6818839e+00   3.9245416e+00
   1.1450374e+01   7.6744404e+00   3.9392265e+00
   1.1435455e+01   7.6572663e+00   3.9738183e+00
   1.1412388e+01   7.6312657e+00   4.0292162e+00
   1.1387469e+01   7.6038330e+00   4.0910576e+00
   1.1362822e+01   7.5773503e+00   4.1538562e+00
   1.1338432e+01   7.5517971e+00   4.2173792e+00
   1.1314256e+01   7.5271205e+00   4.2814398e+00
   1.1290166e+01   7.5030820e+00   4.3457800e+00
   1.1265979e+01   7.4792118e+00   4.4098909e+00
   1.1241515e+01   7.4549322e+00   4.4732043e+00
   1.1216690e+01   7.4298270e+00   4.5353112e+00
   1.1191461e+01   7.4038522e+00   4.5962515e+00
   1.1166189e+01   7.3779156e+00   4.6562445e+00
   1.1141508e+01   7.3534891e+00   4.7158300e+00
   1.1124328e+01   7.3376565e+00   4.7600548e+00
   1.1115416e+01   7.3298585e+00   4.7845157e+00
   1.1113914e+01   7.3285562e+00   4.7886880e+00
   1.1108092e+01   7.3235096e+00   4.8048560e+00
   1.1095435e+01   7.3129608e+00   4.8416632e+00
   1.1077714e+01   7.2996095e+00   4.9001993e+00
   1.1061231e+01   7.2886907e+00   4.9642071e+00
   1.1047136e+01   7.2806705e+00   5.0295252e+00
   1.1034046e+01   7.2740398e+00   5.0967380e+00
   1.1020367e+01   7.2671009e+00   5.1655012e+00
   1.1005334e+01   7.2590080e+00   5.2347768e+00
   1.0988676e+01   7.2494150e+00   5.3041727e+00
   1.0970684e+01   7.2385750e+00   5.3736826e+00
   1.0951883e+01   7.2269839e+00   5.4431708e+00
   1.0932920e+01   7.2153844e+00   5.5124523e+00
   1.0914496e+01   7.2046455e+00   5.5813545e+00
   1.0897129e+01   7.1954460e+00   5.6500027e+00
   1.0885674e+01   7.1902359e+00   5.6991559e+00
   1.0879910e+01   7.1879498e+00   5.7255229e+00
   1.0879147e+01   7.1876539e+00   5.7290396e+00
   1.0874956e+01   7.1860261e+00   5.7483813e+00
   1.0866237e+01   7.1830596e+00   5.7906520e+00
   1.0854015e+01   7.1803095e+00   5.8566059e+00
   1.0841753e+01   7.1786918e+00   5.9272066e+00
   1.0829290e+01   7.1773981e+00   5.9984670e+00
   1.0816117e+01   7.1757364e+00   6.0699049e+00
   1.0802069e+01   7.1733661e+00   6.1412862e+00
   1.0787381e+01   7.1704739e+00   6.2126501e+00
   1.0772645e+01   7.1676765e+00   6.2838251e+00
   1.0758483e+01   7.1656977e+00   6.3546905e+00
   1.0745145e+01   7.1649760e+00   6.4256656e+00
   1.0732399e+01   7.1653250e+00   6.4969547e+00
   1.0719960e+01   7.1663991e+00   6.5682938e+00
   1.0707364e+01   7.1676768e+00   6.6395413e+00
   1.0698071e+01   7.1683152e+00   6.6893408e+00
   1.0693033e+01   7.1685413e+00   6.7154223e+00
   1.0692563e+01   7.1685615e+00   6.7178482e+00
   1.0688449e+01   7.1687379e+00   6.7390750e+00
   1.0679529e+01   7.1689683e+00   6.7839124e+00
   1.0665421e+01   7.1691308e+00   6.8523541e+00
   1.0650816e+01   7.1696857e+00   6.9233695e+00
   1.0636524e+01   7.1709163e+00   6.9946233e+00
   1.0622761e+01   7.1728936e+00   7.0659323e+00
   1.0609665e+01   7.1757024e+00   7.1373088e+00
   1.0597012e+01   7.1792672e+00   7.2089411e+00
   1.0584447e+01   7.1834177e+00   7.2806587e+00
   1.0571894e+01   7.1882141e+00   7.3520358e+00
   1.0559518e+01   7.1939983e+00   7.4229055e+00
   1.0547456e+01   7.2010070e+00   7.4933093e+00
   1.0535981e+01   7.2094983e+00   7.5631762e+00
   1.0525393e+01   7.2197748e+00   7.6326837e+00
   1.0518849e+01   7.2280051e+00   7.6800339e+00
   1.0515735e+01   7.2325407e+00   7.7042309e+00
   1.0515584e+01   7.2327627e+00   7.7054111e+00
   1.0512785e+01   7.2368697e+00   7.7272444e+00
   1.0507443e+01   7.2458367e+00   7.7719764e+00
   1.0500823e+01   7.2610416e+00   7.8394393e+00
   1.0495723e+01   7.2779334e+00   7.9078247e+00
   1.0492621e+01   7.2961334e+00   7.9760815e+00
   1.0491437e+01   7.3154691e+00   8.0449254e+00
   1.0491537e+01   7.3355129e+00   8.1146960e+00
   1.0492225e+01   7.3558839e+00   8.1851120e+00
   1.0492867e+01   7.3762915e+00   8.2557132e+00
   1.0492965e+01   7.3965137e+00   8.3261831e+00
   1.0492211e+01   7.4163823e+00   8.3964427e+00
   1.0490425e+01   7.4356574e+00   8.4663434e+00
   1.0487379e+01   7.4539066e+00   8.5355896e+00
   1.0482848e+01   7.4707451e+00   8.6041799e+00
   1.0479036e+01   7.4812125e+00   8.6498147e+00
   1.0477128e+01   7.4864443e+00   8.6726341e+00
